1.242732234172996414e-01
6.534816274740147535e-02
5.724306203286212008e-02
4.286959873492700301e-02
3.021141793199995026e-02
2.741764746548062612e-02
2.488387577830942707e-02
2.199966463804942096e-02
2.058426398598624946e-02
1.942313409621346937e-02
1.883190517777138390e-02
1.768243749093395545e-02
1.673857118576093511e-02
1.555947580071319510e-02
1.496911632350131881e-02
1.453824484765157271e-02
1.445792022474546266e-02
1.327134379361397803e-02
1.287785557093173473e-02
1.214895151974789561e-02
1.188230244369134839e-02
1.139711030860530473e-02
1.105733350924805423e-02
1.086219060880837077e-02
1.012257744283691363e-02
1.002493709892200539e-02
9.817245983451692096e-03
9.157613737141851243e-03
8.899777936382633967e-03
8.664853968680615026e-03
8.325755138017523413e-03
7.957129005996642704e-03
7.819315465969266937e-03
7.550000734492016106e-03
7.367485501595184665e-03
6.778936601858044468e-03
6.676606536356016752e-03
6.586054226974546837e-03
6.439767850941011118e-03
6.325956999376940344e-03
6.144759588271885703e-03
5.767892503853248344e-03
5.680806291159962509e-03
5.506012283828094940e-03
5.195190633252411150e-03
5.059504246070767319e-03
5.026351453262039096e-03
4.851109651083478080e-03
4.691490806786493065e-03
4.679385847371055583e-03
4.497528424632728054e-03
4.355224374655362711e-03
4.327989926544573672e-03
4.199749318377439013e-03
4.040806580492625408e-03
3.875181596003150156e-03
3.772705995724739102e-03
3.681615908769794287e-03
3.647448398908366158e-03
3.522572221460629205e-03
3.508660488562560017e-03
3.311752555808104240e-03
3.168833622673873640e-03
3.145471606636654916e-03
3.059711395986226563e-03
3.037735268983893927e-03
2.932441258720284386e-03
2.874856750079731686e-03
2.809511093522194976e-03
2.743395117322266086e-03
2.667086552219605482e-03
2.611537126172906904e-03
2.591355265704226030e-03
2.541114859814784608e-03
2.491349396904964965e-03
2.475878882301562039e-03
2.391167755538163749e-03
2.361047931911464896e-03
2.307014956479097774e-03
2.278135715255847314e-03
2.247754465152727345e-03
2.194096493965143942e-03
2.161135601768887551e-03
2.110309791513426299e-03
2.076714977450053526e-03
2.031707324546217375e-03
1.972307733636218148e-03
1.949424726191412074e-03
1.903273517712136429e-03
1.843202707801785446e-03
1.806057951231620617e-03
1.764476653176332097e-03
1.696011926707157499e-03
1.655958500931726347e-03
1.627829218488454884e-03
1.583267172298732321e-03
1.560154605140944527e-03
1.542185527781114555e-03
1.504547739323715489e-03
1.495766110282906658e-03
1.455952326356554352e-03
1.445602813775174458e-03
1.418007127261527696e-03
1.399023539430252960e-03
1.355651051408082036e-03
1.335050214902175868e-03
1.309018245625509632e-03
1.248154886650004736e-03
1.229514917500621179e-03
1.206357823650774886e-03
1.196058619977821745e-03
1.147283789229173795e-03
1.128087479266655282e-03
1.108814043675228215e-03
1.105277553188912208e-03
1.072677028033145645e-03
1.043318556240073426e-03
1.029676145624185005e-03
1.006688303058431806e-03
9.613384940419047748e-04
9.378189188998867221e-04
9.174492983744064311e-04
8.961217399286539867e-04
8.791536157087703491e-04
8.540910559623455080e-04
8.359031904455535697e-04
8.297732876178963088e-04
8.077965693569361116e-04
7.861048738173587831e-04
7.798996269107915302e-04
7.534229757302574526e-04
7.290950596294664288e-04
7.255002696851098722e-04
7.010911927785998731e-04
6.978246903252878107e-04
6.735450611158165122e-04
6.573582768928995903e-04
6.371902772928010692e-04
6.133873448793588637e-04
6.011704049098317302e-04
5.823511807561353691e-04
5.668209287940696468e-04
5.524430978803424042e-04
5.368569406547190996e-04
5.354961438047951090e-04
5.152532340961542669e-04
5.020927045408604293e-04
4.832343248067209364e-04
4.747230033386285559e-04
4.582662636451478476e-04
4.529608215673241274e-04
4.416781498213698644e-04
4.256537944432256266e-04
4.198363656584385697e-04
4.096501671625822345e-04
3.997890439713147658e-04
3.871467805945269470e-04
3.770971689215684764e-04
3.708208797288604008e-04
3.600483729247680714e-04
3.442887401739889346e-04
3.379374970443621714e-04
3.308716459063850692e-04
3.192317915031841818e-04
3.108942082271910594e-04
3.025275651597319191e-04
2.927281134794845643e-04
2.796220914887825740e-04
2.709792155583511932e-04
2.565325157015693552e-04
2.479219030381987028e-04
2.462579883055886773e-04
2.422525764389774538e-04
2.321830333312993187e-04
2.209990226094794635e-04
2.148507791356459387e-04
2.072368683721286181e-04
1.955980511290626874e-04
1.884149174796434490e-04
1.852724695958391269e-04
1.811816836979521336e-04
1.771015366698909922e-04
1.636653166531449883e-04
1.570867318332963764e-04
1.535920338916691233e-04
1.479332128049759196e-04
1.380140854790677229e-04
1.311730292864266630e-04
1.276484598207785484e-04
1.196809697048069912e-04
1.105643178212626553e-04
1.050743342062328555e-04
1.010624337523961721e-04
9.782452202043249989e-05
9.222201953846425639e-05
8.865704677523315684e-05
7.783593784764117026e-05
7.197916956445196701e-05
6.619019286666266483e-05
5.724058494660632382e-05
3.981107141523454771e-05
