1.612903880039076240e-02
8.481336715213621744e-03
7.429400664058758569e-03
5.563913145078738277e-03
3.921046856600773900e-03
3.558451994934031231e-03
3.229601573822102160e-03
2.855268695744545959e-03
2.671568205747862357e-03
2.520868734619220383e-03
2.444134954781189591e-03
2.294949085042049912e-03
2.172447585202480318e-03
2.019416427791065598e-03
1.942795490051687363e-03
1.886874008650772996e-03
1.876448923311761427e-03
1.722446823977105169e-03
1.671377199832671610e-03
1.576774988672278131e-03
1.542167426596233052e-03
1.479195834186746794e-03
1.435097250198920588e-03
1.409770254356513576e-03
1.313778140180992503e-03
1.301105700759357326e-03
1.274150110747271098e-03
1.188538473725556230e-03
1.155074759497988013e-03
1.124584701495033373e-03
1.080574108975303552e-03
1.032731258981480198e-03
1.014844864203928243e-03
9.798913349233098844e-04
9.562032451473625669e-04
8.798172966803159169e-04
8.665361927422090193e-04
8.547836874855102704e-04
8.357976294262405058e-04
8.210264696357005365e-04
7.975094158900990085e-04
7.485969980736944650e-04
7.372943468276372397e-04
7.146083711298425014e-04
6.742677866959569544e-04
6.566574685328173053e-04
6.523546696928956027e-04
6.296105760815363809e-04
6.088941380416648111e-04
6.073230726526780351e-04
5.837203580305896878e-04
5.652511538012081104e-04
5.617164786861101461e-04
5.450725252419485285e-04
5.244438369703314541e-04
5.029478804988830138e-04
4.896478880505199032e-04
4.778255862993708962e-04
4.733910904593684383e-04
4.571837961129770860e-04
4.553782351600743996e-04
4.298221612113298814e-04
4.112731531913804564e-04
4.082410691047356566e-04
3.971105155786098595e-04
3.942583017600891169e-04
3.805925165628404805e-04
3.731188005955147699e-04
3.646377891509624712e-04
3.560568002932620467e-04
3.461529467236955479e-04
3.389433578564455640e-04
3.363240163634645527e-04
3.298034688661395848e-04
3.233445627549124800e-04
3.213366923268443738e-04
3.103422961663479746e-04
3.064331370524440447e-04
2.994203636384739362e-04
2.956722158926674833e-04
2.917291270418042259e-04
2.847650242734333899e-04
2.804871316227877014e-04
2.738906062963389755e-04
2.695304388795773500e-04
2.636890342709362974e-04
2.559797443678520621e-04
2.530098293306637163e-04
2.470200061670075275e-04
2.392236008177915380e-04
2.344026972999074408e-04
2.290059887309800989e-04
2.201201628119773873e-04
2.149217520791101141e-04
2.112709391728479727e-04
2.054873684867850774e-04
2.024876596016874524e-04
2.001555084111553086e-04
1.952706158035834923e-04
1.941308752252432046e-04
1.889635668696677427e-04
1.876203355170079714e-04
1.840387763825237295e-04
1.815749550034555953e-04
1.759457734071110291e-04
1.732720543050601813e-04
1.698934452131881556e-04
1.619941773625292259e-04
1.595749531935467176e-04
1.565694653262668151e-04
1.552327634118376453e-04
1.489024283968216704e-04
1.464109984677039727e-04
1.439095586408226004e-04
1.434505684359941202e-04
1.392194467132974527e-04
1.354091011082704825e-04
1.336384946646309495e-04
1.306549734000759426e-04
1.247691614036998105e-04
1.217166282062587664e-04
1.190729179139660425e-04
1.163048798102625433e-04
1.141026392439793371e-04
1.108498468284337194e-04
1.084892997970626066e-04
1.076937185943612483e-04
1.048414280382048099e-04
1.020261297029449060e-04
1.012207698243655055e-04
9.778444683818794897e-05
9.462700155808356447e-05
9.416044484620776872e-05
9.099246595517324814e-05
9.056851666535618677e-05
8.741733839211160699e-05
8.531650553684476141e-05
8.269896300329387495e-05
7.960965373857542928e-05
7.802405473846840721e-05
7.558156561473360492e-05
7.356594205892638271e-05
7.169988768054866095e-05
6.967700835281993160e-05
6.950039472207686451e-05
6.687312983632494085e-05
6.516506525093756434e-05
6.271749424504944454e-05
6.161283605379542757e-05
5.947696650969594374e-05
5.878838952767704115e-05
5.732404632196892708e-05
5.524429460604651641e-05
5.448926844668418610e-05
5.316723312603860934e-05
5.188738832766794762e-05
5.024658791288941884e-05
4.894227977518448528e-05
4.812769953715736212e-05
4.672956906751275682e-05
4.468417488582581321e-05
4.385986660724772206e-05
4.294281155686465536e-05
4.143211071449806111e-05
4.035000146793560067e-05
3.926412064056757241e-05
3.799227999761164905e-05
3.629128978110310701e-05
3.516955754148143613e-05
3.329456487515942796e-05
3.217701998557134443e-05
3.196106561869464926e-05
3.144121555259324352e-05
3.013432057538177155e-05
2.868278228003642087e-05
2.788482070137260032e-05
2.689663468067919562e-05
2.538606844813118659e-05
2.445379166191766248e-05
2.404594303248370395e-05
2.351501253388744891e-05
2.298546282142914851e-05
2.124161722041035638e-05
2.038780296426361192e-05
1.993423688505378442e-05
1.919979593018081000e-05
1.791242295387706149e-05
1.702454334689004837e-05
1.656710033460718530e-05
1.553302433908306817e-05
1.434980217813867908e-05
1.363727411855027177e-05
1.311658191870322599e-05
1.269634333052629307e-05
1.196921179385149809e-05
1.150652496205176429e-05
1.010208657253390034e-05
9.341954660872980049e-06
8.590621210225526792e-06
7.429079170665145522e-06
5.166956307114337421e-06
