18-2 = 0.9217391304347825 1s_s-mcd
10 = 0.917586792964185 1s_mcd
12 = 0.4275155088248506 2s_mcd
16-3 = 0.4489467798938681 1s_mcd
15 = 0.8159090909090909 1s_k-mcd
11 = 0.8691692809029694 2s_mcd
18 = 0.6969161562450922 2s_s-mcd
15-3 = 0.927677071277075 1s_mcd
16 = 0.9174311926605505 1s_k-mcd
19 = 0.8513986013986015 1s_k-mcd
15-2 = 0.886203585623025 1s_mcd
16-2 = 0.6399999999999999 2s_s-mcd
17 = 0.9543106278157207 1s_mcd

18-2 = 0.9217391304347825 1s_s-mcd
10 = 0.917586792964185 1s_mcd
12 = 0.643802623507223 1s_ms-mcd
16-3 = 0.4986376692737775 2s_ms-mcd
15 = 0.8159090909090909 1s_k-mcd
11 = 0.8691692809029694 2s_mcd
18 = 0.8645336963921034 0.25s_mks-mcd
15-3 = 0.927677071277075 1s_mcd
16 = 0.9174311926605505 1s_k-mcd
19 = 0.8513986013986015 1s_k-mcd
15-2 = 0.886203585623025 1s_mcd
16-2 = 0.6399999999999999 2s_s-mcd
17 = 0.9543106278157207 1s_mcd

==============================================================================================================================================================================================================================

/usr/bin/python3 /home/thiago/dev/anomaly-detection/network-attack-detection/botnet-detection-results-eda.py
###[botnet-detection-results-eda]  b'c-mcd_20_2s_18-2.pk1'
	Total: 108 , 0: 75 ( 69.44 %), 1: 33 ( 30.56 %), best_contamination: 0.33333333333333337 , best_train_f1: [0.8695652173913043]
0.5196850393700788 0.7272727272727273 0.8181818181818182 0.8181818181818182 0.7878787878787878 0.7878787878787878 0.8181818181818182 0.8181818181818182 0.8181818181818182 0.8181818181818182
0.5076923076923077 0.7246376811594203 0.7826086956521738 0.7826086956521738 0.7536231884057971 0.7536231884057971 0.7826086956521738 0.7826086956521738 0.7536231884057971 0.7536231884057971
0.5238095238095238 0.7741935483870968 0.8064516129032258 0.8064516129032258 0.8064516129032258 0.8064516129032258 0.8064516129032258 0.8064516129032258 0.8064516129032258 0.8064516129032258
0.515625 0.7272727272727273 0.7878787878787878 0.7878787878787878 0.7575757575757576 0.7575757575757576 0.7878787878787878 0.7878787878787878 0.7575757575757576 0.7878787878787878
0.515625 0.7741935483870968 0.8064516129032258 0.8064516129032258 0.8064516129032258 0.8064516129032258 0.8064516129032258 0.8064516129032258 0.8064516129032258 0.8064516129032258
0.5238095238095238 0.793103448275862 0.8275862068965517 0.8275862068965517 0.8275862068965517 0.8275862068965517 0.8275862068965517 0.8275862068965517 0.8275862068965517 0.8275862068965517
0.5196850393700788 0.7741935483870968 0.8064516129032258 0.8064516129032258 0.8064516129032258 0.8064516129032258 0.8064516129032258 0.8387096774193549 0.8387096774193549 0.8064516129032258
0.5076923076923077 0.7575757575757576 0.8181818181818182 0.8181818181818182 0.7878787878787878 0.7878787878787878 0.8181818181818182 0.8181818181818182 0.8484848484848486 0.8181818181818182
0.515625 0.7246376811594203 0.7826086956521738 0.7826086956521738 0.7826086956521738 0.7826086956521738 0.7826086956521738 0.7826086956521738 0.8115942028985507 0.7826086956521738
0.515625 0.7741935483870968 0.8387096774193549 0.8387096774193549 0.8064516129032258 0.8064516129032258 0.8387096774193549 0.8387096774193549 0.8387096774193549 0.8387096774193549
0.5116279069767442 0.7272727272727273 0.7878787878787878 0.7878787878787878 0.7575757575757576 0.7575757575757576 0.7878787878787878 0.7575757575757576 0.7575757575757576 0.7575757575757576
0.5116279069767442 0.7397260273972603 0.7671232876712328 0.7671232876712328 0.7397260273972603 0.7397260273972603 0.7671232876712328 0.7671232876712328 0.7123287671232875 0.7671232876712328
0.5196850393700788 0.7741935483870968 0.8064516129032258 0.8064516129032258 0.8064516129032258 0.8064516129032258 0.8064516129032258 0.8387096774193549 0.8064516129032258 0.8064516129032258
0.5116279069767442 0.7246376811594203 0.7536231884057971 0.7536231884057971 0.7536231884057971 0.7536231884057971 0.7536231884057971 0.7826086956521738 0.7536231884057971 0.7536231884057971
0.5196850393700788 0.7741935483870968 0.8064516129032258 0.8064516129032258 0.8064516129032258 0.8064516129032258 0.8064516129032258 0.8064516129032258 0.8064516129032258 0.8064516129032258
0.5 0.7631578947368421 0.7631578947368421 0.7631578947368421 0.7631578947368421 0.7631578947368421 0.7631578947368421 0.7631578947368421 0.7631578947368421 0.7631578947368421
0.515625 0.7575757575757576 0.8181818181818182 0.8181818181818182 0.7878787878787878 0.7878787878787878 0.8181818181818182 0.8181818181818182 0.8484848484848486 0.8181818181818182
0.5116279069767442 0.7272727272727273 0.7878787878787878 0.7878787878787878 0.7575757575757576 0.7575757575757576 0.7878787878787878 0.7878787878787878 0.7575757575757576 0.7575757575757576
0.5038167938931297 0.7123287671232875 0.7945205479452054 0.7945205479452054 0.7397260273972603 0.7397260273972603 0.7945205479452054 0.7945205479452054 0.7945205479452054 0.7945205479452054
0.5238095238095238 0.7741935483870968 0.8064516129032258 0.8064516129032258 0.8064516129032258 0.8064516129032258 0.8064516129032258 0.8064516129032258 0.8064516129032258 0.8064516129032258
###[botnet-detection-results-eda]  b'c-mcd_20_2s_10.pk1'
	Total: 3978 , 0: 1017 ( 25.57 %), 1: 2961 ( 74.43 %), best_contamination: 0.33333333333333337 , best_train_f1: [0.7888868579784317]
0.7584415584415585 0.47845968712394704 0.23056558363417567 0.23056558363417567 0.3220216606498195 0.3220216606498195 0.23008423586040913 0.23008423586040913 0.23874849578820695 0.23008423586040913
0.8263698630136987 0.576160485187777 0.14602285980872404 0.14602285980872404 0.31303942150688124 0.31303942150688124 0.1464893865173781 0.1469559132260322 0.24166083508280853 0.14602285980872404
0.8082066312511449 0.4425658876181004 0.1079065141720537 0.1079065141720537 0.5012431626056688 0.5012431626056688 0.1079065141720537 0.10840377921432122 0.5032322227747389 0.1079065141720537
0.8245555182824555 0.6296133567662565 0.28998242530755713 0.28998242530755713 0.655536028119508 0.655536028119508 0.29086115992970124 0.2904217926186292 0.6520210896309314 0.29086115992970124
0.9046547845648036 0.4510156852661353 0.47724350732836207 0.47724350732836207 0.4762149652867061 0.4762149652867061 0.47724350732836207 0.47724350732836207 0.47724350732836207 0.47724350732836207
0.8128270042194092 0.6221441124780316 0.27372583479789103 0.27372583479789103 0.6375219683655536 0.6375219683655536 0.27372583479789103 0.2741652021089631 0.624780316344464 0.27372583479789103
0.8290921595598348 0.5710286913925823 0.2099370188943317 0.2099370188943317 0.5882901796127828 0.5882901796127828 0.21226965243760207 0.2104035456029858 0.5887567063214368 0.21087007231163984
0.8459355700216993 0.606787330316742 0.27601809954751133 0.27601809954751133 0.6380090497737556 0.6380090497737556 0.27601809954751133 0.27601809954751133 0.639366515837104 0.27601809954751133
0.9413447782546495 0.569162584557966 0.6186144156752974 0.6186144156752974 0.6181478889666434 0.6181478889666434 0.6186144156752974 0.6186144156752974 0.6186144156752974 0.6186144156752974
0.8371395232538756 0.6113122171945702 0.20090497737556562 0.20090497737556562 0.37511312217194576 0.37511312217194576 0.20090497737556562 0.20135746606334842 0.2891402714932127 0.20090497737556562
0.9297059286051265 0.5710286913925823 0.6186144156752974 0.6186144156752974 0.6176813622579893 0.6176813622579893 0.6186144156752974 0.6186144156752974 0.6186144156752974 0.6186144156752974
0.8135650413362577 0.6230228471001757 0.27065026362038663 0.27065026362038663 0.6384007029876978 0.6384007029876978 0.27152899824253074 0.27152899824253074 0.6300527240773286 0.2710896309314587
0.7939436129481378 0.556566363424306 0.18707721017028225 0.18707721017028225 0.5602985770935386 0.5602985770935386 0.19034289713086075 0.1880102635875904 0.5570328901329601 0.19034289713086075
0.8018936635105608 0.49328692192938833 0.03779214321233218 0.03779214321233218 0.2739930382894083 0.2739930382894083 0.03928393833913475 0.03779214321233218 0.20586772749875684 0.03928393833913475
0.8122644741349777 0.5959276018099547 0.63710407239819 0.63710407239819 0.6203619909502263 0.6203619909502263 0.6366515837104073 0.63710407239819 0.6158371040723982 0.6366515837104073
0.8120884686814114 0.6230228471001757 0.2724077328646749 0.2724077328646749 0.6375219683655536 0.6375219683655536 0.2728471001757469 0.2728471001757469 0.6252196836555359 0.2728471001757469
0.8027631339756408 0.4937841869716558 0.03580308304326206 0.03580308304326206 0.27697662854301347 0.27697662854301347 0.03779214321233218 0.03580308304326206 0.20586772749875684 0.03779214321233218
0.7805322639445862 0.48731974142217793 0.16409746394828445 0.16409746394828445 0.4917951268025858 0.4917951268025858 0.16658378915962208 0.16409746394828445 0.49129786176031826 0.1670810542018896
0.8260111576011159 0.49726504226752855 0.08702138239681752 0.08702138239681752 0.5067130780706116 0.5067130780706116 0.08702138239681752 0.08702138239681752 0.5047240179015415 0.08652411735454997
0.8308000668114248 0.6366432337434095 0.2992091388400703 0.2992091388400703 0.663444639718805 0.663444639718805 0.30096660808435854 0.2996485061511423 0.6577328646748681 0.30096660808435854
###[botnet-detection-results-eda]  b'c-mcd_20_1s_12.pk1'
	Total: 54067 , 0: 43827 ( 81.06 %), 1: 10240 ( 18.94 %), best_contamination: 0.2666666666666667 , best_train_f1: [0.5030552160871015]
0.3897879145566005 0.326530612244898 0.07384731670445957 0.07384731670445957 0.07384731670445957 0.07384731670445957 0.07384731670445957 0.07384731670445957 0.07377173091458805 0.07384731670445957
0.36398565573770486 0.2669316246248682 0.0027577256874036825 0.0027577256874036825 0.002919944845486252 0.002919944845486252 0.0027577256874036825 0.0027577256874036825 0.0027577256874036825 0.0027577256874036825
0.34526358379553923 0.29352864168701126 0.024979655379825213 0.024979655379825213 0.0056611117008102466 0.0056611117008102466 0.024908891483565083 0.024979655379825213 0.003962778190567172 0.024908891483565083
0.3351717591607613 0.7705971277399849 0.0855631141345427 0.0855631141345427 0.08563869992441421 0.08563869992441421 0.0855631141345427 0.0855631141345427 0.0855631141345427 0.0855631141345427
0.4509030897588705 0.217798389919496 0.014613230661533074 0.014613230661533074 0.015138256912845642 0.015138256912845642 0.014613230661533074 0.014613230661533074 0.015050752537626881 0.014613230661533074
0.3531704288744417 0.37264267770583454 0.06913632664614515 0.06913632664614515 0.06913632664614515 0.06913632664614515 0.06913632664614515 0.06913632664614515 0.069065562749885 0.06913632664614515
0.32345694611156733 0.3890545077980355 0.5591991715567828 0.5591991715567828 0.5600150626039476 0.5600150626039476 0.5591991715567828 0.559136410707001 0.5596384975052563 0.5591991715567828
0.45069430690345724 0.3769463340891912 0.07301587301587302 0.07301587301587302 0.07309145880574452 0.07309145880574452 0.07301587301587302 0.07301587301587302 0.07301587301587302 0.07301587301587302
0.5784604939319358 0.33094154707735385 0.015138256912845642 0.015138256912845642 0.015225761288064403 0.015225761288064403 0.015138256912845642 0.015138256912845642 0.015138256912845642 0.015138256912845642
0.3920974974130993 0.33008314436885866 0.07430083144368858 0.07430083144368858 0.07384731670445957 0.07384731670445957 0.07430083144368858 0.07430083144368858 0.07384731670445957 0.07430083144368858
0.39107852123434156 0.3498256144050612 0.0027577256874036825 0.0027577256874036825 0.002838835266444967 0.002838835266444967 0.0027577256874036825 0.0027577256874036825 0.0027577256874036825 0.0027577256874036825
0.36012998322112016 0.23643682184109202 0.027563878193909697 0.027563878193909697 0.005425271263563178 0.005425271263563178 0.027476373818690933 0.027563878193909697 0.003587679383969198 0.027476373818690933
0.3548470934765659 0.3737749000459965 0.06913632664614515 0.06913632664614515 0.06913632664614515 0.06913632664614515 0.06913632664614515 0.06913632664614515 0.069065562749885 0.06913632664614515
0.5795346969218853 0.3348203422824236 0.07389082650661044 0.07389082650661044 0.07421526482277557 0.07421526482277557 0.07389082650661044 0.07389082650661044 0.07413415524373428 0.07389082650661044
0.33610378275444824 0.20288801163515482 0.0035321005609806767 0.0035321005609806767 0.003947641803448993 0.003947641803448993 0.0035321005609806767 0.0035321005609806767 0.0035321005609806767 0.0035321005609806767
0.36155638726078665 0.3951697584879244 0.0029751487574378723 0.0029751487574378723 0.0030626531326566333 0.0030626531326566333 0.0029751487574378723 0.0029751487574378723 0.0029751487574378723 0.0029751487574378723
0.3407065276224155 0.19374610430085187 0.007168086432578433 0.007168086432578433 0.007168086432578433 0.007168086432578433 0.007168086432578433 0.007168086432578433 0.0066486598794930395 0.007168086432578433
0.4537546245375463 0.27677633881694086 0.08540427021351067 0.08540427021351067 0.08549177458872945 0.08549177458872945 0.08540427021351067 0.08540427021351067 0.08540427021351067 0.08549177458872945
0.32772719271575107 0.33294630809301157 0.021275928076066146 0.021275928076066146 0.004204976935387705 0.004204976935387705 0.02115040637650234 0.021275928076066146 0.0029497599397495843 0.021213167226284243
0.45960399655649187 0.31554816894951004 0.00389707146541349 0.00389707146541349 0.004011691214396241 0.004011691214396241 0.00389707146541349 0.00389707146541349 0.00389707146541349 0.00389707146541349
###[botnet-detection-results-eda]  b'c-mcd_20_2s_16-3.pk1'
	Total: 7617 , 0: 6559 ( 86.11 %), 1: 1058 ( 13.89 %), best_contamination: 0.16666666666666669 , best_train_f1: [0.5240549828178694]
0.1867739052725648 0.21998450813323003 0.5429899302865995 0.5429899302865995 0.48334624322230824 0.48334624322230824 0.5422153369481022 0.5429899302865995 0.4717273431448489 0.5414407436096049
0.12149532710280374 0.16924398625429551 0.4630584192439863 0.4630584192439863 0.3805841924398626 0.3805841924398626 0.4630584192439863 0.4630584192439863 0.3805841924398626 0.4630584192439863
0.31553565277299345 0.31466494011006796 0.02589834898025251 0.02589834898025251 0.03302039494982195 0.03302039494982195 0.02589834898025251 0.02589834898025251 0.02848818387827776 0.02589834898025251
0.1141439205955335 0.1597938144329897 0.5094501718213059 0.5094501718213059 0.4115120274914089 0.4115120274914089 0.5077319587628866 0.5120274914089348 0.4579037800687285 0.5085910652920963
0.34420627524075803 0.33861800777744544 0.005982650314089142 0.005982650314089142 0.01017050553395154 0.01017050553395154 0.005982650314089142 0.005982650314089142 0.00717918037690697 0.005982650314089142
0.20776071139854485 0.23201692524682652 0.49224259520451347 0.49224259520451347 0.4393511988716502 0.4393511988716502 0.49153737658674196 0.49224259520451347 0.4322990126939351 0.49224259520451347
0.18298081652729956 0.21134020618556704 0.665807560137457 0.665807560137457 0.5678694158075601 0.5678694158075601 0.665807560137457 0.665807560137457 0.5652920962199313 0.665807560137457
0.0856962822936358 0.13516483516483516 0.701098901098901 0.701098901098901 0.5571428571428572 0.5571428571428572 0.7 0.701098901098901 0.5945054945054946 0.698901098901099
0.5629669156883672 0.6275800179479509 0.02273407119353874 0.02273407119353874 0.02273407119353874 0.02273407119353874 0.02273407119353874 0.02273407119353874 0.02273407119353874 0.02273407119353874
0.5351542741527566 0.5882680011120378 0.06060606060606061 0.06060606060606061 0.06060606060606061 0.06060606060606061 0.06060606060606061 0.06060606060606061 0.06060606060606061 0.06060606060606061
0.3349496456546065 0.32440056417489427 0.0613540197461213 0.0613540197461213 0.06911142454160789 0.06911142454160789 0.0613540197461213 0.0613540197461213 0.06558533145275036 0.0613540197461213
0.32655873234584915 0.325024279702169 0.02589834898025251 0.02589834898025251 0.03107801877630301 0.03107801877630301 0.02589834898025251 0.02589834898025251 0.027193266429265135 0.02589834898025251
0.30688524590163935 0.3021238408615016 0.017349685910858514 0.017349685910858514 0.023332336224947653 0.023332336224947653 0.017349685910858514 0.017349685910858514 0.019144481005085253 0.017947950942267425
0.31815747188002147 0.3032967032967033 0.01648351648351648 0.01648351648351648 0.023076923076923075 0.023076923076923075 0.01648351648351648 0.01648351648351648 0.012087912087912088 0.01648351648351648
0.29074151654796815 0.3075135553834237 0.024012393493415954 0.024012393493415954 0.03098373353989156 0.03098373353989156 0.024012393493415954 0.024012393493415954 0.0278853601859024 0.024012393493415954
0.1442986881937437 0.18986254295532645 0.5781786941580755 0.5781786941580755 0.5171821305841924 0.5171821305841924 0.5773195876288659 0.5781786941580755 0.5137457044673539 0.5781786941580755
0.32816945937401204 0.327849237212085 0.013161830690996112 0.013161830690996112 0.021537541130720907 0.021537541130720907 0.013161830690996112 0.013161830690996112 0.017947950942267425 0.013161830690996112
0.1895321173671689 0.21156558533145273 0.492947813822285 0.492947813822285 0.4407616361071932 0.4407616361071932 0.4936530324400564 0.492947813822285 0.4414668547249647 0.4936530324400564
0.341987466427932 0.34192439862542956 0.01288659793814433 0.01288659793814433 0.023195876288659795 0.023195876288659795 0.01288659793814433 0.01288659793814433 0.021477663230240553 0.01288659793814433
0.5041856015307343 0.5453129057387691 0.05712801869644247 0.05712801869644247 0.05712801869644247 0.05712801869644247 0.05712801869644247 0.05712801869644247 0.05712801869644247 0.05712801869644247
###[botnet-detection-results-eda]  b'c-mcd_20_1s_16-3.pk1'
	Total: 14699 , 0: 13478 ( 91.69 %), 1: 1221 ( 8.31 %), best_contamination: 0.2 , best_train_f1: [0.6135678391959799]
0.2310364794441227 0.22119313538545354 0.5954780713701989 0.5954780713701989 0.580768183056388 0.580768183056388 0.5954780713701989 0.5954780713701989 0.57913375102152 0.5954780713701989
0.5236971906497963 0.44604662340783463 0.037971641432348 0.037971641432348 0.037971641432348 0.037971641432348 0.037971641432348 0.037971641432348 0.037971641432348 0.037971641432348
0.6089357429718875 0.3759823954731217 0.05344231373781829 0.05344231373781829 0.05344231373781829 0.05344231373781829 0.05344231373781829 0.05344231373781829 0.05344231373781829 0.05344231373781829
0.2198897927053267 0.2143715453016102 0.5138187935592405 0.5138187935592405 0.46431146359048303 0.46431146359048303 0.5138187935592405 0.5138187935592405 0.46190819514539777 0.5138187935592405
0.21779232371318058 0.21356578588940342 0.5562517025333698 0.5562517025333698 0.5006810133478616 0.5006810133478616 0.555162081176791 0.5562517025333698 0.4974121492781258 0.5557068918550803
0.41034000931532366 0.3922134102379236 0.002403268445085316 0.002403268445085316 0.002403268445085316 0.002403268445085316 0.002403268445085316 0.002403268445085316 0.002403268445085316 0.002403268445085316
0.45222222222222225 0.4750048628671465 0.030344290993970045 0.030344290993970045 0.030344290993970045 0.030344290993970045 0.030344290993970045 0.030344290993970045 0.030344290993970045 0.030344290993970045
0.45121951219512196 0.4750048628671465 0.030344290993970045 0.030344290993970045 0.030344290993970045 0.030344290993970045 0.030344290993970045 0.030344290993970045 0.030344290993970045 0.030344290993970045
0.6130577262414924 0.3753536623703238 0.04966991512103112 0.04966991512103112 0.04966991512103112 0.04966991512103112 0.04966991512103112 0.04966991512103112 0.04966991512103112 0.04966991512103112
0.11970684039087948 0.14864362690449648 0.7818654775176513 0.7818654775176513 0.6889632107023411 0.6889632107023411 0.7818654775176513 0.7818654775176513 0.6882199925678186 0.7818654775176513
0.6004999999999999 0.374724929267526 0.05155611442942471 0.05155611442942471 0.05155611442942471 0.05155611442942471 0.05155611442942471 0.05155611442942471 0.05155611442942471 0.05155611442942471
0.5250483766931843 0.5868781542898341 0.037971641432348 0.037971641432348 0.037971641432348 0.037971641432348 0.037971641432348 0.037971641432348 0.037971641432348 0.037971641432348
0.4844621513944223 0.5224682863900236 0.035261234143195014 0.035261234143195014 0.036551279294775314 0.036551279294775314 0.03569124919372178 0.035261234143195014 0.036551279294775314 0.03569124919372178
0.44864964174168653 0.4750048628671465 0.030733320365687603 0.030733320365687603 0.0319004084808403 0.0319004084808403 0.030733320365687603 0.030733320365687603 0.0319004084808403 0.030733320365687603
0.4490621552041192 0.4676133048045128 0.030733320365687603 0.030733320365687603 0.0319004084808403 0.0319004084808403 0.030733320365687603 0.030733320365687603 0.03151137910912274 0.030733320365687603
0.4232969318772751 0.43367075119872134 0.0280589593322678 0.0280589593322678 0.02912448943349316 0.02912448943349316 0.0280589593322678 0.0280589593322678 0.02912448943349316 0.0280589593322678
0.5542279411764706 0.32089348951239444 0.04630890765459003 0.04630890765459003 0.04630890765459003 0.04630890765459003 0.04630890765459003 0.04630890765459003 0.04576409697630073 0.04630890765459003
0.412796697626419 0.36637282304880675 0.47559664588260586 0.47559664588260586 0.47559664588260586 0.47559664588260586 0.47559664588260586 0.47559664588260586 0.47559664588260586 0.47559664588260586
0.38571428571428573 0.3828984596038981 0.003143665513989311 0.003143665513989311 0.003772398616787174 0.003772398616787174 0.003143665513989311 0.003143665513989311 0.003143665513989311 0.003143665513989311
0.448831404583617 0.3960586397500601 0.037971641432348 0.037971641432348 0.039894256188416244 0.039894256188416244 0.037971641432348 0.037971641432348 0.039894256188416244 0.037971641432348
###[botnet-detection-results-eda]  b'c-mcd_20_2s_15.pk1'
	Total: 1760 , 0: 1333 ( 75.74 %), 1: 427 ( 24.26 %), best_contamination: 0.4 , best_train_f1: [0.7108753315649867]
0.49769585253456217 0.5057471264367817 0.7409372236958444 0.7409372236958444 0.7444739168877099 0.7444739168877099 0.7409372236958444 0.7409372236958444 0.7409372236958444 0.7444739168877099
0.5585023400936038 0.5446507515473034 0.746242263483643 0.746242263483643 0.746242263483643 0.746242263483643 0.746242263483643 0.746242263483643 0.746242263483643 0.746242263483643
0.7251063829787232 0.6153846153846154 0.0802675585284281 0.0802675585284281 0.08249721293199555 0.08249721293199555 0.0802675585284281 0.0802675585284281 0.0802675585284281 0.0802675585284281
0.5082108902333622 0.5207100591715976 0.8264299802761341 0.8264299802761341 0.8303747534516766 0.8303747534516766 0.8264299802761341 0.8264299802761341 0.8264299802761341 0.8303747534516766
0.5317164179104478 0.5214659685863874 0.7057591623036649 0.7057591623036649 0.7183246073298429 0.7183246073298429 0.7057591623036649 0.7036649214659686 0.7581151832460733 0.7057591623036649
0.5442176870748299 0.5552608311229 0.746242263483643 0.746242263483643 0.746242263483643 0.746242263483643 0.746242263483643 0.746242263483643 0.746242263483643 0.746242263483643
0.5915201654601863 0.5468549422336328 0.8754813863928114 0.8754813863928114 0.8549422336328626 0.8549422336328626 0.8780487804878048 0.8780487804878048 0.8934531450577663 0.8677792041078306
0.5292425695110259 0.5440356744704571 0.738015607580825 0.738015607580825 0.7447045707915273 0.7447045707915273 0.738015607580825 0.738015607580825 0.7402452619843924 0.738015607580825
0.5748987854251012 0.5634328358208955 0.7873134328358209 0.7873134328358209 0.7873134328358209 0.7873134328358209 0.7873134328358209 0.7873134328358209 0.7873134328358209 0.7873134328358209
0.5329457364341085 0.4994425863991082 0.6889632107023411 0.6889632107023411 0.7558528428093645 0.7558528428093645 0.6911928651059086 0.6911928651059086 0.7558528428093645 0.6889632107023411
0.50814332247557 0.5186567164179103 0.7817164179104478 0.7817164179104478 0.7854477611940298 0.7854477611940298 0.7817164179104478 0.7817164179104478 0.7817164179104478 0.7854477611940298
0.5804347826086957 0.5648267008985879 0.8241335044929397 0.8241335044929397 0.8498074454428755 0.8498074454428755 0.8241335044929397 0.8241335044929397 0.8575096277278563 0.8241335044929397
0.5637480798771122 0.5534924845269673 0.7444739168877099 0.7444739168877099 0.7444739168877099 0.7444739168877099 0.7444739168877099 0.7444739168877099 0.7444739168877099 0.7444739168877099
0.6014568158168574 0.5802310654685494 0.8934531450577663 0.8934531450577663 0.8703465982028241 0.8703465982028241 0.8934531450577663 0.8934531450577663 0.9011553273427471 0.8934531450577663
0.48664688427299707 0.4793756967670011 0.02452619843924192 0.02452619843924192 0.04013377926421405 0.04013377926421405 0.020066889632107024 0.022296544035674472 0.020066889632107024 0.022296544035674472
0.5143385753931545 0.5235602094240838 0.869109947643979 0.869109947643979 0.8481675392670157 0.8481675392670157 0.8712041884816754 0.8712041884816754 0.869109947643979 0.869109947643979
0.612137203166227 0.5654450261780104 0.7015706806282723 0.7015706806282723 0.7476439790575917 0.7476439790575917 0.7267015706806282 0.6952879581151832 0.7350785340314135 0.7308900523560211
0.4871794871794873 0.44152744630071594 0.01670644391408115 0.01670644391408115 0.042959427207637235 0.042959427207637235 0.01670644391408115 0.01670644391408115 0.01909307875894988 0.01670644391408115
0.5501432664756447 0.5574136008918618 0.867335562987737 0.867335562987737 0.867335562987737 0.867335562987737 0.8784838350055741 0.8717948717948717 0.9364548494983277 0.8740245261984393
0.565752128666036 0.5752508361204013 0.9297658862876254 0.9297658862876254 0.9163879598662207 0.9163879598662207 0.9319955406911928 0.927536231884058 0.9364548494983277 0.9297658862876254
###[botnet-detection-results-eda]  b'c-mcd_20_1s_11.pk1'
	Total: 4383 , 0: 2027 ( 46.25 %), 1: 2356 ( 53.75 %), best_contamination: 0.30000000000000004 , best_train_f1: [0.896709149705155]
0.8181976037506511 0.7141054756497602 0.005046681806712088 0.005046681806712088 0.15392379510471865 0.15392379510471865 0.005046681806712088 0.005046681806712088 0.0807469089073934 0.005046681806712088
0.8818573300879985 0.5469899210024517 0.0005448106782892945 0.0005448106782892945 0.001089621356578589 0.001089621356578589 0.0005448106782892945 0.0005448106782892945 0.0005448106782892945 0.0005448106782892945
0.7950010078613183 0.607659574468085 0.0056737588652482265 0.0056737588652482265 0.06921985815602838 0.06921985815602838 0.0056737588652482265 0.0056737588652482265 0.050496453900709226 0.0056737588652482265
0.8924242424242425 0.5322800326886407 0.7147916099155543 0.7147916099155543 0.001089621356578589 0.001089621356578589 0.7147916099155543 0.7147916099155543 0.0 0.7147916099155543
0.907724908495473 0.4965966262207754 0.0059189109203906486 0.0059189109203906486 0.4155075466114235 0.4155075466114235 0.0059189109203906486 0.0059189109203906486 0.03551346552234389 0.0059189109203906486
0.8409780474745672 0.686785105865174 0.0262837673399854 0.0262837673399854 0.02579703090776345 0.02579703090776345 0.02579703090776345 0.0262837673399854 0.02579703090776345 0.02579703090776345
0.7921990585070613 0.7427597955706985 0.8493550742273059 0.8493550742273059 0.22146507666098805 0.22146507666098805 0.8493550742273059 0.8493550742273059 0.09345339498661476 0.8493550742273059
0.8224821085704312 0.7161241483724452 0.8069644208932627 0.8069644208932627 0.1963159222811002 0.1963159222811002 0.8069644208932627 0.8069644208932627 0.09689629068887207 0.8069644208932627
0.793533176153587 0.7490873691895839 0.008761255779995133 0.008761255779995133 0.1465076660988075 0.1465076660988075 0.008761255779995133 0.008761255779995133 0.080798247748844 0.008761255779995133
0.7444141689373297 0.6639084935507422 0.004867364322219518 0.004867364322219518 0.16695059625212946 0.16695059625212946 0.004867364322219518 0.004867364322219518 0.1362862010221465 0.004867364322219518
0.7927321668909825 0.7719639815040156 0.8157702604039913 0.8157702604039913 0.02482355804331954 0.02482355804331954 0.8157702604039913 0.8157702604039913 0.02482355804331954 0.8157702604039913
0.8845926218188992 0.5588652482269503 0.5685106382978723 0.5685106382978723 0.0777304964539007 0.0777304964539007 0.5679432624113475 0.5685106382978723 0.07716312056737588 0.5679432624113475
0.7720242098184263 0.7330250669262595 0.004867364322219518 0.004867364322219518 0.08031151131662204 0.08031151131662204 0.004867364322219518 0.004867364322219518 0.06911657337551715 0.004867364322219518
0.8433864327904063 0.6366256222164003 0.0052397170552790145 0.0052397170552790145 0.12156143568247314 0.12156143568247314 0.0052397170552790145 0.0052397170552790145 0.06602043489651559 0.0052397170552790145
0.8876212207644039 0.5736856442386271 0.5867611005175701 0.5867611005175701 0.07463906292563334 0.07463906292563334 0.5873059111958595 0.5867611005175701 0.07409425224734405 0.5873059111958595
0.8832239925023431 0.5594326241134752 0.6587234042553192 0.6587234042553192 0.2570212765957447 0.2570212765957447 0.6587234042553192 0.6587234042553192 0.10893617021276596 0.6587234042553192
0.9344752041426012 0.40751538710722385 0.4684159378036929 0.4684159378036929 0.293488824101069 0.293488824101069 0.4684159378036929 0.4684159378036929 0.12374473598963395 0.4684159378036929
0.7907367007887229 0.7490873691895839 0.008761255779995133 0.008761255779995133 0.1990752007787783 0.1990752007787783 0.008761255779995133 0.008761255779995133 0.07933803845217816 0.008761255779995133
0.8221950793927761 0.6737320211960636 0.005046681806712088 0.005046681806712088 0.02977542265960131 0.02977542265960131 0.005046681806712088 0.005046681806712088 0.024728740852889224 0.005046681806712088
0.8482448244824482 0.6675399528425466 0.7613308881320409 0.7613308881320409 0.19544144616190726 0.19544144616190726 0.7613308881320409 0.7613308881320409 0.1006025674613571 0.7613308881320409
###[botnet-detection-results-eda]  b'c-mcd_20_0.15s_18.pk1'
	Total: 23160 , 0: 20994 ( 90.65 %), 1: 2166 ( 9.35 %), best_contamination: 0.1 , best_train_f1: [0.5684596577017114]
0.609229799968499 0.7501115573404731 0.7956269522534584 0.7956269522534584 0.7947344935296743 0.7947344935296743 0.7956269522534584 0.7956269522534584 0.7956269522534584 0.7956269522534584
0.6055948355364279 0.749665327978581 0.8750557786702367 0.8750557786702367 0.6724676483712629 0.6724676483712629 0.8750557786702367 0.8750557786702367 0.021419009370816602 0.8750557786702367
0.6306022959584842 0.8094600624721107 0.8103525211958946 0.8103525211958946 0.8103525211958946 0.8103525211958946 0.8103525211958946 0.8103525211958946 0.8103525211958946 0.8103525211958946
0.6480179506357516 0.7206604194556002 0.0 0.0 0.0 0.0 0.0 0.0 0.0 0.0
0.5126624681763366 0.6349153667441089 0.6203119814138731 0.6203119814138731 0.6199800862927314 0.6199800862927314 0.6203119814138731 0.6203119814138731 0.6196481911715899 0.6203119814138731
0.6480428780250123 0.8041053101294066 0.0 0.0 0.8612226684515841 0.8612226684515841 0.0 0.0 0.8572066041945561 0.0
0.6456035767511178 0.719767960731816 0.0 0.0 0.0 0.0 0.0 0.0 0.0 0.0
0.5471877979027645 0.698515416825276 0.0 0.0 0.02169775409212029 0.02169775409212029 0.0 0.0 0.0 0.0
0.6464525765496639 0.7251227130745204 0.0 0.0 0.0 0.0 0.0 0.0 0.0 0.0
0.6109777564410306 0.8085676037483267 0.8366800535475234 0.8366800535475234 0.8213250055766229 0.8213250055766229 0.8366800535475234 0.8366800535475234 0.8371262829094154 0.8366800535475234
0.6378953591486847 0.7353859883980366 0.0 0.0 0.005800981704596163 0.005800981704596163 0.0 0.0 0.0 0.0
0.5838490099009901 0.6746987951807228 0.0 0.0 0.01829540383757251 0.01829540383757251 0.0 0.0 0.0 0.0
0.5756194816291654 0.6425580510087553 0.09212028930338789 0.09212028930338789 0.7034640274076894 0.7034640274076894 0.09212028930338789 0.09212028930338789 0.7027027027027027 0.09212028930338789
0.5824296715385825 0.712182061579652 0.6363230700580099 0.6363230700580099 0.6626506024096386 0.6626506024096386 0.6358768406961178 0.6354306113342258 0.6367692994199019 0.6372155287817939
0.6311280342693956 0.8049977688531905 0.819723337795627 0.819723337795627 0.8170459616242749 0.8170459616242749 0.819723337795627 0.819723337795627 0.8170459616242749 0.819723337795627
0.5223900911936845 0.6574038827559955 0.7415302626570233 0.7415302626570233 0.7594213932242102 0.7594213932242102 0.7434335744194899 0.7419109250095165 0.7582794061667301 0.7434335744194899
0.5129055174046886 0.7178891470295387 0.0 0.0 0.0 0.0 0.0 0.0 0.0 0.0
0.5678463735914934 0.6193663543061133 0.0017849174475680497 0.0017849174475680497 0.0008924587237840248 0.0008924587237840248 0.0017849174475680497 0.0017849174475680497 0.0008924587237840248 0.0017849174475680497
0.49663137632338783 0.6458679057417857 0.7165615665449717 0.7165615665449717 0.7066047129107202 0.7066047129107202 0.7165615665449717 0.7164426746308281 0.7026219714570195 0.7165615665449717
0.5876144653111904 0.6751450245426148 0.0 0.0 0.01249442213297635 0.01249442213297635 0.0 0.0 0.0 0.0
###[botnet-detection-results-eda]  b'c-mcd_20_2s_15-3.pk1'
	Total: 13143 , 0: 1058 ( 8.05 %), 1: 12085 ( 91.95 %), best_contamination: 0.33333333333333337 , best_train_f1: [0.9496495127372201]
0.5235106004974536 0.559335716757006 0.5173567062622534 0.5173567062622534 0.5162034367431669 0.5162034367431669 0.5173567062622534 0.5173567062622534 0.5167800715027101 0.5172413793103449
0.9407889107555404 0.5040689906473945 0.40604882788776875 0.40604882788776875 0.40604882788776875 0.40604882788776875 0.40604882788776875 0.40604882788776875 0.40604882788776875 0.40604882788776875
0.43329546888804754 0.5227165168007573 0.4589446284902982 0.4589446284902982 0.45835305253194514 0.45835305253194514 0.4589446284902982 0.4589446284902982 0.45918125887363936 0.4589446284902982
0.45055493203641356 0.523071462375769 0.4673450070989114 0.4673450070989114 0.46663511594888785 0.46663511594888785 0.4673450070989114 0.4673450070989114 0.46710837671557026 0.4673450070989114
0.47873900293255134 0.555645254295929 0.50905316572483 0.50905316572483 0.5126283012339984 0.5126283012339984 0.5091684926767386 0.50905316572483 0.5133202629454503 0.5091684926767386
0.5544784350148023 0.5633721600738092 0.48679506400645833 0.48679506400645833 0.4873716987660016 0.4873716987660016 0.48679506400645833 0.48679506400645833 0.48783300657363626 0.48679506400645833
0.49975903614457834 0.5584131011417368 0.5006342982354977 0.5006342982354977 0.49994233652404574 0.49994233652404574 0.5006342982354977 0.5006342982354977 0.5002883173797716 0.5006342982354977
0.4654472813533928 0.3801478352692714 0.2679514255543822 0.2679514255543822 0.2679514255543822 0.2679514255543822 0.2679514255543822 0.2679514255543822 0.2679514255543822 0.2679514255543822
0.48416950803701897 0.5567985238150156 0.5837850305616422 0.5837850305616422 0.5356936916157305 0.5356936916157305 0.5836697036097336 0.5837850305616422 0.5380002306539039 0.583554376657825
0.5548461984910041 0.5634874870257178 0.48679506400645833 0.48679506400645833 0.487602352669819 0.487602352669819 0.48679506400645833 0.48679506400645833 0.4879483335255449 0.48679506400645833
0.9861683463217593 0.5409370563180312 0.4526739233317558 0.4526739233317558 0.4526739233317558 0.4526739233317558 0.4526739233317558 0.4526739233317558 0.4526739233317558 0.4526739233317558
0.38875081752779594 0.3747360084477297 0.26610348468849 0.26610348468849 0.2655755015839493 0.2655755015839493 0.26610348468849 0.26610348468849 0.2659714889123548 0.26610348468849
0.5194697104809464 0.5599123515165494 0.4939453350247953 0.4939453350247953 0.4927920655057087 0.4927920655057087 0.4939453350247953 0.4939453350247953 0.49336870026525204 0.4939453350247953
0.6085011185682326 0.5668319686310691 0.4842578710644678 0.4842578710644678 0.4842578710644678 0.4842578710644678 0.4842578710644678 0.4842578710644678 0.4842578710644678 0.4842578710644678
0.3992503554349231 0.4863354791691971 0.4271832867727438 0.4271832867727438 0.4263330499210494 0.4263330499210494 0.4271832867727438 0.4271832867727438 0.426940361957974 0.4270618243653589
0.491537805917448 0.49495931009352606 0.4036195797400705 0.4036195797400705 0.4039839669622252 0.4039839669622252 0.4036195797400705 0.4036195797400705 0.40410542936961 0.4036195797400705
0.5381123622000825 0.4973885582412243 0.41527997084902224 0.41527997084902224 0.4149155836268675 0.4149155836268675 0.41527997084902224 0.41527997084902224 0.41552289566379197 0.41527997084902224
0.46254878879871136 0.5268575485092287 0.4627307146237577 0.4627307146237577 0.4562233790818741 0.4562233790818741 0.4627307146237577 0.4627307146237577 0.45716990061523893 0.4627307146237577
0.46926065240180065 0.5259110269758637 0.45504022716516795 0.45504022716516795 0.45397539044013246 0.45397539044013246 0.45504022716516795 0.45504022716516795 0.4545669663984855 0.45504022716516795
0.5026152828714002 0.5585284280936454 0.5007496251874063 0.5007496251874063 0.5002883173797716 0.5002883173797716 0.5007496251874063 0.5007496251874063 0.5007496251874063 0.5007496251874063
###[botnet-detection-results-eda]  b'c-mcd_20_1s_18-2.pk1'
	Total: 212 , 0: 154 ( 72.64 %), 1: 58 ( 27.36 %), best_contamination: 0.2666666666666667 , best_train_f1: [0.9391304347826087]
0.49361702127659574 0.7704918032786885 0.8688524590163935 0.8688524590163935 0.8524590163934426 0.8524590163934426 0.8688524590163935 0.8688524590163935 0.8524590163934426 0.8688524590163935
0.5 0.8173913043478261 0.9217391304347825 0.9217391304347825 0.9217391304347825 0.9217391304347825 0.9217391304347825 0.9217391304347825 0.9217391304347825 0.9217391304347825
0.49785407725321884 0.8173913043478261 0.9217391304347825 0.9217391304347825 0.9217391304347825 0.9217391304347825 0.9217391304347825 0.9217391304347825 0.9217391304347825 0.9217391304347825
0.49785407725321884 0.8173913043478261 0.9217391304347825 0.9217391304347825 0.9217391304347825 0.9217391304347825 0.9217391304347825 0.9217391304347825 0.9217391304347825 0.9217391304347825
0.5021645021645021 0.851851851851852 0.9259259259259259 0.9259259259259259 0.9259259259259259 0.9259259259259259 0.9259259259259259 0.9259259259259259 0.9259259259259259 0.9259259259259259
0.49785407725321884 0.8148148148148148 0.9259259259259259 0.9259259259259259 0.9259259259259259 0.9259259259259259 0.9259259259259259 0.9259259259259259 0.9259259259259259 0.9259259259259259
0.4915254237288135 0.7826086956521741 0.9391304347826087 0.9391304347826087 0.9217391304347825 0.9217391304347825 0.9391304347826087 0.9391304347826087 0.9391304347826087 0.9391304347826087
0.49785407725321884 0.8347826086956522 0.9217391304347825 0.9217391304347825 0.9217391304347825 0.9217391304347825 0.9217391304347825 0.9217391304347825 0.9217391304347825 0.9217391304347825
0.4915254237288135 0.8196721311475409 0.9344262295081966 0.9344262295081966 0.8852459016393444 0.8852459016393444 0.9344262295081966 0.9344262295081966 0.9344262295081966 0.9344262295081966
0.4915254237288135 0.8217054263565892 0.8992248062015504 0.8992248062015504 0.8837209302325583 0.8837209302325583 0.8992248062015504 0.8992248062015504 0.8837209302325583 0.8992248062015504
0.5021645021645021 0.8347826086956522 0.9217391304347825 0.9217391304347825 0.9217391304347825 0.9217391304347825 0.9217391304347825 0.9217391304347825 0.9217391304347825 0.9217391304347825
Traceback (most recent call last):
  File "/home/thiago/dev/anomaly-detection/network-attack-detection/botnet-detection-results-eda.py", line 143, in <module>
    result_df = result_df.append(df)
KeyboardInterrupt

Process finished with exit code 1
