Start=1998-06-25 09:06
End=1998-06-26 05:06
Frames=20
EigValCov:104
EigValCor:19
EDCCov:13
EDCCor:0
MOSCor:	13
0.9999999999999993
 0.9999999999999987
 1.000000000000002
 1.0000000000000002
 1.0000000000000018
 0.9999999999999959
 0.9999999999999984
 2.0338983050847443
 1.0216203791892626
 1.0212037924203647
 0.9999999999999981
 1.0000000000000004
 4.9E-324
 4.9E-324
 4.9E-324
 4.9E-324
 4.9E-324
 4.9E-324
 4.9E-324
 14.999999999999979
MOSCov:	13
49.06222222222225
 28.703055555555572
 22.669722222222227
 12.59555555555553
 5.880833333333339
 22.59333333333329
 28.882222222222232
 5.112345244946597
 53.76084700392284
 28.315562928278702
 0.016388888888888842
 3.212222222222227
 4.9E-324
 4.9E-324
 4.9E-324
 4.9E-324
 4.9E-324
 4.9E-324
 4.9E-324
 0.2458333333333327
