Start=1998-06-24 09:47
End=1998-06-24 21:47
Frames=12
EigValCov:94
EigValCor:15
EDCCov:12
EDCCor:0
MOSCor:	1
1.0828724268577643
 1.0555561387884267
 1.290442841226937
 1.166131924144873
 1.1256976239269372
 1.6136615050639043
 1.3677546126022642
 1.0337822877333143
 1.0225248335561714
 0.9999999999999984
 1.0000000000000022
 14.999999999999979
MOSCov:	1
19.385580373766057
 13.661258527408982
 30.384924528510965
 3027.517668402733
 6.846428127448586
 26.267175896662195
 24.736170262816344
 18.662747124398546
 7.63273696288675
 0.5155555555555562
 0.0622222222222222
 2.753333333333324
