Start=1998-07-06 09:10
End=1998-07-07 01:10
Frames=16
EigValCov:100
EigValCor:16
EDCCov:11
EDCCor:0
MOSCor:	0
1.2441674007291277
 1.0521702746185344
 1.0301047701382346
 1.0286607786106825
 1.0400374322207233
 1.0143010664583398
 1.0032622452048507
 1.2202776804625008
 1.0819821685529343
 1.0000000000000007
 1.0244129106792692
 2.8456151695184415
 1.0000000000000002
 0.9999999999999997
 0.9999999999999999
 1.0000000000000007
MOSCov:	0
24341.059154767405
 37010.120488557055
 36500.509467339034
 47793.836971405246
 15640.063359644126
 26718.055412725727
 38781.7368364988
 43210.306270120665
 34008.89547197218
 15101.416388888892
 1177.0136315832983
 3204.9310114976256
 20499.23638888888
 26524.57222222223
 28395.160833333357
 10205.20972222223
