Start=1998-07-07 09:03
End=1998-07-08 01:03
Frames=16
EigValCov:97
EigValCor:18
EDCCov:14
EDCCor:1
MOSCor:	15
2.0098601076388674
 2.1165668927800736
 1.157860691922588
 1.034099353875775
 1.5173980672042329
 1.1800171646689837
 1.0614457913097488
 1.0853941613215379
 1.1471858218180417
 1.0062457282267014
 1.0000000000000009
 4.9E-324
 1.000000000000001
 1.0000000000000033
 1.0000000000000018
 1.0233794599475092
MOSCov:	15
33483.02381484695
 49661.352969421154
 53844.71791632158
 51623.78313751994
 28268.304715089012
 32871.972372035605
 41013.40751156127
 45796.905284305074
 42754.20475514985
 9988.961074515551
 3451.5697222222293
 4.9E-324
 146.04972222222213
 1304.6955555555592
 5584.032222222231
 1076.033021340659
