Start=1998-07-17 09:07
End=1998-07-18 07:07
Frames=22
EigValCov:128
EigValCor:23
EDCCov:14
EDCCor:0
MOSCor:	18
1.1727943348821692
 12.019116873797554
 12.49192300614665
 1.0708967467650545
 1.0671271669041742
 1.3013465302573117
 1.041904499344577
 1.0519534626065146
 1.3766077991386523
 1.4071627315532642
 1.0000000000000004
 3.738214112394576
 3.0000037318617654
 1.0000000000000004
 4.9E-324
 0.9999999999999992
 4.9E-324
 1.0
 4.9E-324
 1.0000000000000002
 4.9E-324
 1.0000000000000007
MOSCov:	18
10805.495906319195
 18037.754532884097
 14065.0127655482
 33714.239169159155
 12091.305973294933
 16749.5809444225
 45629.61890430591
 48273.6472571011
 53350.899436890664
 15003.499871365608
 2552.972222222229
 190.57079789270864
 4730.972271355414
 7436.5430555555495
 4.9E-324
 0.016388888888888873
 4.9E-324
 0.03222222222222228
 4.9E-324
 0.032222222222222305
 4.9E-324
 0.03222222222222233
