1.405763181408344609e-01
9.304660263813080423e-02
5.752729768221347822e-02
4.199694727347152989e-02
2.925385553698999982e-02
2.681429019557067875e-02
2.253919237639510909e-02
2.078052479834252217e-02
1.911456329614224375e-02
1.789872610997808589e-02
1.674181297190154363e-02
1.618357413627886585e-02
1.589968006003401185e-02
1.422998875395707283e-02
1.353752481655969703e-02
1.339411854153426187e-02
1.260984358696609631e-02
1.245364248391871154e-02
1.186608503385937902e-02
1.125894910281081095e-02
1.113855135395274039e-02
1.046822329877545622e-02
1.039786068651436454e-02
9.861829457154420997e-03
9.385231137149898165e-03
9.299776506651718025e-03
9.072599518513139311e-03
8.540362356769215860e-03
8.353022962839080912e-03
8.012528213312372638e-03
7.751581825333670774e-03
7.587392825166646912e-03
7.326862252119292415e-03
7.040679563552432359e-03
6.820856888901961727e-03
6.608341863925250130e-03
6.439993999444277965e-03
6.134582335725882393e-03
5.965772741338348610e-03
5.821428659180939019e-03
5.581256431691983960e-03
5.310914407075063674e-03
5.249606766985459062e-03
5.169371165417811255e-03
4.864712451978356854e-03
4.796855940392562474e-03
4.724380320446041476e-03
4.587596434152154540e-03
4.403651665097617351e-03
4.307613067937969553e-03
4.221228801625807013e-03
4.166562778811487913e-03
3.999263411282737331e-03
3.930875006645714702e-03
3.852640478304458164e-03
3.633288399455574229e-03
3.582847074128937045e-03
3.512282307430425986e-03
3.369174027334146185e-03
3.352008692427228473e-03
3.278324415947497794e-03
3.144966707171529575e-03
3.045660074146635827e-03
3.008223652711943929e-03
2.954716694178370628e-03
2.865723118535036529e-03
2.830924291029077861e-03
2.816622244613420194e-03
2.722790312694845817e-03
2.642376167815912308e-03
2.597993272300690073e-03
2.546794674615342115e-03
2.507513511728044330e-03
2.458147222499096340e-03
2.428773334571597813e-03
2.384873418481290881e-03
2.330789690223791528e-03
2.304329868969556827e-03
2.234362991895652573e-03
2.214440656679607204e-03
2.146595953607247260e-03
2.122652985911740314e-03
2.096012273041059776e-03
2.021243810486715326e-03
1.984712100355177748e-03
1.914376313291204145e-03
1.895795873331709066e-03
1.851708066703583065e-03
1.799349805380700282e-03
1.773808993831077962e-03
1.744767196121247213e-03
1.718133816804753551e-03
1.624821086819843883e-03
1.622629299278872733e-03
1.589920547652411359e-03
1.545519482325027547e-03
1.499889247227521785e-03
1.487827159387137329e-03
1.475380611600884181e-03
1.432842313629597479e-03
1.414556354707453920e-03
1.390927993660954652e-03
1.367073803452364435e-03
1.346164393317321158e-03
1.335830152232520083e-03
1.289105826595750856e-03
1.259301817183976517e-03
1.224207391083769044e-03
1.199946953074554085e-03
1.167222478463122732e-03
1.160524760700323062e-03
1.112398191579302888e-03
1.101225599774267958e-03
1.073090962509741899e-03
1.056680427800301423e-03
1.050424713405820635e-03
1.016656861401461125e-03
9.772860556431742663e-04
9.695278108378803210e-04
9.396193203539349387e-04
9.190442439190360567e-04
9.076031050521750658e-04
8.846070180889528982e-04
8.603859596266824486e-04
8.558110477362110844e-04
8.477567361158898883e-04
8.212855898995421317e-04
7.956963728403640846e-04
7.744964443411330671e-04
7.553008236719462769e-04
7.387981835952047230e-04
7.202677410735394692e-04
7.092019796709115751e-04
7.033296625882030960e-04
6.829304406295027153e-04
6.660194283538231229e-04
6.511319017698478104e-04
6.322203228268610158e-04
6.055727267102205052e-04
5.691520886252892514e-04
5.617556868224784930e-04
5.559005663284850981e-04
5.433880271078917867e-04
5.248835635345598053e-04
5.123098846795730516e-04
5.013311304867940467e-04
4.956329608952353156e-04
4.709879251309324953e-04
4.567965063066281150e-04
4.515511149955060786e-04
4.375533673242320426e-04
4.309667217835745526e-04
4.202452124158069209e-04
4.124702529537520334e-04
4.010625429155065952e-04
3.848823284718931505e-04
3.711695777111066242e-04
3.632957614826820558e-04
3.568075080008971541e-04
3.459841430454557699e-04
3.386934461329290931e-04
3.251273175730521985e-04
3.199090128695011490e-04
3.135644068220149946e-04
3.064251653903031589e-04
2.831744911794217574e-04
2.811909768280935746e-04
2.758600402675867418e-04
2.689585116567690592e-04
2.539300990548114213e-04
2.403174327296120816e-04
2.345318565093927696e-04
2.289303976965202929e-04
2.229080075378364449e-04
2.162398477747399096e-04
2.067326169107617856e-04
2.050537498197083747e-04
1.927451841692238966e-04
1.861846072302416396e-04
1.822712770869726600e-04
1.761761609549136786e-04
1.712179127748892119e-04
1.617474293949469892e-04
1.506993566751649771e-04
1.493657171415474711e-04
1.441737774991789611e-04
1.366687693246598583e-04
1.289827848894043718e-04
1.222165797685251503e-04
1.165437944028835073e-04
1.101339885821617535e-04
1.021839382038071045e-04
9.878745089034692462e-05
9.563583075989834825e-05
8.698168880838326911e-05
8.397358498033740824e-05
7.544240362305426400e-05
6.704941016054115246e-05
6.000368502842030855e-05
5.452050101002002395e-05
3.990945415263379430e-05
