1.123575967318764235e+01
7.436880404004150513e+00
4.597950066936062896e+00
3.356664997439504639e+00
2.338155492153922932e+00
2.143169805761391711e+00
1.801476607996010504e+00
1.660912631692195385e+00
1.527758318710742191e+00
1.430580823908387034e+00
1.338112916410918452e+00
1.293494893402144408e+00
1.270804260616235304e+00
1.137351837821262368e+00
1.082005685027934039e+00
1.070543737075942525e+00
1.007859459782522782e+00
9.953748672299636002e-01
9.484135127830231049e-01
8.998873207441580035e-01
8.902643615626062434e-01
8.366874502465638797e-01
8.310636196341325554e-01
7.882205707474924106e-01
7.501277806172870211e-01
7.432976992498359081e-01
7.251402593925302398e-01
6.826004566890395697e-01
6.676270925025422631e-01
6.404125714063817476e-01
6.195560648362085088e-01
6.064330283870004168e-01
5.856097564092459518e-01
5.627362030690413741e-01
5.451665670467378266e-01
5.281810051885331703e-01
5.147255656677202085e-01
4.903151094805660026e-01
4.768227655484505445e-01
4.652858620442435478e-01
4.460897594294591095e-01
4.244822934043806506e-01
4.195821941608723904e-01
4.131692510110556160e-01
3.888189754324984371e-01
3.833954484364716642e-01
3.776027327169677594e-01
3.666700884857890252e-01
3.519680444603776603e-01
3.442920246918499960e-01
3.373876408762508383e-01
3.330183822219208167e-01
3.196467452926754493e-01
3.141807059974615068e-01
3.079277014358616782e-01
2.903956784439730154e-01
2.863640846701242526e-01
2.807240965803471378e-01
2.692859662916157193e-01
2.679140027896929621e-01
2.620246834991596385e-01
2.513658813183214935e-01
2.434286591931601740e-01
2.404365006288494422e-01
2.361598818151161849e-01
2.290469452863304334e-01
2.262656001213933787e-01
2.251224889737524493e-01
2.176228400239784422e-01
2.111956265492350437e-01
2.076482612874016309e-01
2.035561414566597338e-01
2.004165393407268680e-01
1.964708693369226489e-01
1.941231200873664298e-01
1.906143576344357937e-01
1.862916396904186200e-01
1.841768013126611481e-01
1.785846003908936608e-01
1.769922797669325476e-01
1.715696965829276721e-01
1.696560212608858587e-01
1.675267248666135189e-01
1.615507504812783990e-01
1.586309022385801459e-01
1.530092156677056447e-01
1.515241479068767660e-01
1.480003680388101983e-01
1.438155604630384221e-01
1.417741752267126787e-01
1.394529687542392371e-01
1.373242585045855724e-01
1.298661074986022512e-01
1.296909258009256438e-01
1.270766328862632799e-01
1.235278153766725673e-01
1.198807547467804352e-01
1.189166754343911198e-01
1.179218676208368954e-01
1.145219344085230406e-01
1.130604034582163575e-01
1.111718735144757442e-01
1.092652938577677452e-01
1.075940798845144847e-01
1.067681011509038769e-01
1.030335937979616062e-01
1.006514664846496071e-01
9.784649518688565140e-02
9.590744560411935959e-02
9.329189600779963509e-02
9.275657150836107145e-02
8.890998787542579718e-02
8.801700278299910696e-02
8.576830238326442479e-02
8.445666734727597103e-02
8.395667058786397685e-02
8.125772758794384820e-02
7.811096063963972325e-02
7.749087202677172603e-02
7.510039391701807399e-02
7.345590203433560728e-02
7.254145294080599493e-02
7.070345839122876841e-02
6.876755627406237747e-02
6.840190001554628807e-02
6.775814784664804802e-02
6.564240430538724469e-02
6.359715019072252618e-02
6.190271612916539712e-02
6.036847918606533248e-02
5.904948249922920001e-02
5.756841085384251794e-02
5.668396433137631862e-02
5.621461114060654490e-02
5.458417467392979311e-02
5.323253826551635481e-02
5.204263179308933618e-02
5.053109728390522970e-02
4.840125073653168269e-02
4.549028008316411548e-02
4.489911228049441039e-02
4.443113355123108621e-02
4.343105127959927952e-02
4.195205603814673029e-02
4.094708709536265534e-02
4.006959474634918389e-02
3.961416053840757096e-02
3.764437143988098172e-02
3.651010235786041752e-02
3.609085708993022695e-02
3.497206744683548779e-02
3.444562055075759549e-02
3.358868885569511742e-02
3.296726430040902017e-02
3.205548705295880457e-02
3.076226068771178296e-02
2.966624982297877758e-02
2.903692400179179109e-02
2.851834122921537845e-02
2.765326858324730977e-02
2.707054939240085417e-02
2.598625751301304396e-02
2.556917718023732702e-02
2.506207563060654231e-02
2.449146173179027330e-02
2.263311893886460480e-02
2.247458376839930189e-02
2.204850117625986941e-02
2.149688680853194256e-02
2.029571982323691987e-02
1.920770834759132073e-02
1.874528804208745389e-02
1.829758357896698814e-02
1.781623558681548133e-02
1.728327355201874499e-02
1.652339477188059097e-02
1.638920896158356857e-02
1.540542956403279443e-02
1.488106623755832379e-02
1.456828782940879953e-02
1.408112711168837440e-02
1.368483216181663915e-02
1.292789047595355525e-02
1.204485774630836836e-02
1.193826473342709214e-02
1.152329166519730844e-02
1.092344334572627022e-02
1.030913024442655507e-02
9.768331796699909059e-03
9.314926458668005768e-03
8.802613725585342608e-03
8.167194782890895358e-03
7.895725763842913539e-03
7.643828098324140577e-03
6.952133647716463895e-03
6.711706724242349695e-03
6.029840071832362827e-03
5.359018281003003099e-03
4.795878803779403225e-03
4.357627619729412087e-03
3.189819177778275595e-03