1.414826647795395616e+02
5.544716024712969471e+01
4.825381048705181541e+01
3.285218369593503240e+01
2.940208024106301110e+01
2.581794138723860854e+01
2.397618500323219948e+01
2.130148555390427845e+01
2.046859551060963156e+01
1.987822943367912032e+01
1.709339963793363637e+01
1.654659047093853275e+01
1.568010717328924741e+01
1.541062455400606979e+01
1.459594705279675431e+01
1.428320315929985007e+01
1.379987375552620499e+01
1.309974748285021384e+01
1.276347300188456835e+01
1.254864309309697568e+01
1.242572394928306956e+01
1.179584362197281067e+01
1.116681280292332090e+01
1.112454196480627999e+01
1.075711669439641227e+01
1.019252981016660797e+01
1.010319797426073762e+01
9.867710352642188099e+00
9.665387483873098873e+00
9.376204972238216584e+00
9.075429126271458813e+00
9.012205430843833298e+00
8.860892498294658637e+00
8.725851084028388271e+00
8.296487567048897560e+00
8.222751382285407473e+00
8.127748392329872118e+00
7.914025575439700866e+00
7.725350270563786204e+00
7.534930318398591176e+00
7.264630396627222986e+00
7.237192907273399811e+00
7.085054980232489363e+00
6.910964276981877319e+00
6.878661581339804876e+00
6.774578875533834754e+00
6.553291790386258420e+00
6.488019697002215480e+00
6.331147066407508461e+00
6.246905859334978217e+00
6.203554313651244989e+00
5.917452176786852647e+00
5.820869280274054702e+00
5.677134260566909951e+00
5.620942075235286772e+00
5.601005495652530364e+00
5.469050857820490386e+00
5.350858509688493747e+00
5.203815572011715851e+00
5.088063190054635143e+00
5.038676816042603868e+00
4.955021385431968461e+00
4.856694553746567777e+00
4.727096612510525375e+00
4.662172049012556663e+00
4.616167614792068719e+00
4.542442240341257431e+00
4.466423490168207167e+00
4.411264470104879543e+00
4.274218808858337937e+00
4.199668056354678214e+00
4.115975970746987400e+00
4.009096795390402868e+00
3.975208173872547768e+00
3.913648191187432790e+00
3.796697607965822119e+00
3.755080611858940376e+00
3.630767402721005510e+00
3.569554894192575656e+00
3.498698021489681231e+00
3.453627771777322941e+00
3.385467333421503966e+00
3.326426428947482528e+00
3.202328762270129747e+00
3.194802693720565578e+00
3.127233654273278596e+00
3.036667399923413058e+00
3.026112263628459420e+00
3.015217794075813362e+00
2.906988655659150211e+00
2.845752672938677730e+00
2.788095720577408176e+00
2.751140296439724686e+00
2.691094398141836930e+00
2.664680331186741302e+00
2.604064372223164892e+00
2.541080980798690714e+00
2.509183956140876415e+00
2.441022650379920389e+00
2.398529471676234870e+00
2.357337224754607163e+00
2.298232532634832292e+00
2.239456639687998241e+00
2.177654401787397553e+00
2.137251347937422441e+00
2.104133725978592384e+00
2.060683417736353107e+00
2.019430255630345616e+00
1.972795203274978260e+00
1.947178798105798192e+00
1.906220697703759459e+00
1.876025098310324157e+00
1.848481756599748671e+00
1.817780778832112087e+00
1.721329607581330245e+00
1.693216160295009320e+00
1.674781726551294092e+00
1.651398583454508850e+00
1.623523290600337843e+00
1.600950955025552069e+00
1.577468004738319163e+00
1.504962160677949523e+00
1.481784833713612581e+00
1.423540376664962359e+00
1.409829982761678480e+00
1.391517644198012382e+00
1.357352744593060434e+00
1.319496190048375928e+00
1.301097019832980095e+00
1.288347290241830700e+00
1.274839070536862407e+00
1.252094994410434925e+00
1.206340362060851934e+00
1.163419325510731905e+00
1.156832983033681428e+00
1.126717479458563487e+00
1.106172698130515775e+00
1.063886618894352099e+00
1.037940128860853406e+00
1.026928880627113294e+00
9.976731666381079000e-01
9.667772830940698503e-01
9.381203216661020416e-01
9.281839832809586355e-01
9.116006958354754275e-01
9.034151016278829660e-01
8.650029265082067598e-01
8.344786799989667436e-01
8.097262417534804024e-01
7.972526879844344938e-01
7.739088199031141091e-01
7.681266659653314122e-01
7.290138117684923369e-01
7.059574359263693921e-01
6.847177279786097470e-01
6.809565945092999062e-01
6.743965205353957826e-01
6.596889278045823257e-01
6.416854953361867953e-01
6.063015361644199519e-01
6.035354703976761881e-01
5.949146806356316874e-01
5.617407301778594153e-01
5.495150684902427862e-01
5.232651004478265921e-01
5.114637186981993988e-01
5.004052929684404960e-01
4.925079223472712542e-01
4.724805569403124350e-01
4.686105954892220149e-01
4.628079944542095592e-01
4.479558605813371286e-01
4.146688369658785844e-01
3.914134592056864315e-01
3.859512588454249715e-01
3.755335678662401477e-01
3.611384036531732900e-01
3.556762791075546160e-01
3.519872056028030549e-01
3.282011764458334091e-01
3.197684685901368562e-01
3.075970725024672059e-01
2.950209773042523076e-01
2.857751895877114201e-01
2.797150395870808270e-01
2.579791735106552464e-01
2.465689345852354331e-01
2.395981441349676055e-01
2.340593143663752540e-01
2.306846984846930848e-01
2.190545185833403796e-01
2.018376591064975634e-01
1.958994845262740370e-01
1.772328445248414486e-01
1.637110413861250502e-01
1.523535801485448871e-01
1.390026212915612402e-01
1.299886955344430606e-01
1.129965323504667774e-01
9.747817243012693589e-02
8.885277964661106309e-02
