1.268988937670890715e-01
4.973176967546633770e-02
4.327989708417735726e-02
2.946584145374564132e-02
2.637136827226096644e-02
2.315667581246971460e-02
2.150476426498035276e-02
1.910576788045480548e-02
1.835873060003316917e-02
1.782921836475802324e-02
1.533144366592554750e-02
1.484099857499157453e-02
1.406383077064827548e-02
1.382212592058922919e-02
1.309142386715046041e-02
1.281091703488934815e-02
1.237740833076963337e-02
1.174944977741400678e-02
1.144783784705394498e-02
1.125515220732762472e-02
1.114490334117085660e-02
1.057994991125155333e-02
1.001575842385507217e-02
9.977844785431462526e-03
9.648293031301449774e-03
9.141902717295074393e-03
9.061779041562063527e-03
8.850565047778436931e-03
8.669097245552715922e-03
8.409723131554816544e-03
8.139950702653253253e-03
8.083243988638962735e-03
7.947528112895002952e-03
7.826406517469616797e-03
7.441300996496113575e-03
7.375165401074067553e-03
7.289955143345965179e-03
7.098262478534982621e-03
6.929035474596162772e-03
6.758243658378973451e-03
6.515805751858303428e-03
6.491196468083702299e-03
6.354740636752049740e-03
6.198594880718537141e-03
6.169621887107896822e-03
6.076267833820563589e-03
5.877790611512605234e-03
5.819246644608929743e-03
5.678544154195557143e-03
5.602986374705285801e-03
5.564103426049129067e-03
5.307492167496256907e-03
5.220864857052301064e-03
5.091945776931432882e-03
5.041545777977147688e-03
5.023664224088595504e-03
4.905311225900337371e-03
4.799301926082187239e-03
4.667415902048629647e-03
4.563595061211715535e-03
4.519299343152828261e-03
4.444266959371813430e-03
4.356075475362497680e-03
4.239836249850509504e-03
4.181603990095992922e-03
4.140341607739415723e-03
4.074215708323042535e-03
4.006032830105782372e-03
3.956559499657703351e-03
3.833640251318238927e-03
3.766774052289829228e-03
3.691708791840957963e-03
3.595846523904295145e-03
3.565451078719484787e-03
3.510236585019957303e-03
3.405341051285392696e-03
3.368013858048668572e-03
3.256514624239198376e-03
3.201611787703922962e-03
3.138058710188711652e-03
3.097634218331587336e-03
3.036499631705649391e-03
2.983544554301388076e-03
2.872238645234919795e-03
2.865488349890658783e-03
2.804884201869229342e-03
2.723653349258876085e-03
2.714186216861578117e-03
2.704414729050232113e-03
2.607341649745141803e-03
2.552417758694057633e-03
2.500703978182305508e-03
2.467557850710979089e-03
2.413701372384631678e-03
2.390010018523616806e-03
2.335642240329058057e-03
2.279151060226397314e-03
2.250541921786395477e-03
2.189406557165835248e-03
2.151293496611403778e-03
2.114347270200694646e-03
2.061334980263047987e-03
2.008617597488641330e-03
1.953185819792503056e-03
1.916947437893468890e-03
1.887243519061287261e-03
1.848271988108213379e-03
1.811271125537495261e-03
1.769443127995267481e-03
1.746467214420810996e-03
1.709730999140169055e-03
1.682647906199900498e-03
1.657943681133407319e-03
1.630407303285621176e-03
1.543898140107671920e-03
1.518682574892155730e-03
1.502148328432030512e-03
1.481175476412291718e-03
1.456173517111200924e-03
1.435927896075979513e-03
1.414865524806108252e-03
1.349833448846505905e-03
1.329045197813522559e-03
1.276804471509311069e-03
1.264507319613360952e-03
1.248082582988286520e-03
1.217439337949838317e-03
1.183484966924670595e-03
1.166982349093685601e-03
1.155546838012045524e-03
1.143431020572542676e-03
1.123031361683622100e-03
1.081993032083813748e-03
1.043496216477222960e-03
1.037588781982606585e-03
1.010577528732067376e-03
9.921504654075360974e-04
9.542231568911316254e-04
9.309511829887433644e-04
9.210749538264375626e-04
8.948348646440910849e-04
8.671236715463044847e-04
8.414206166200931519e-04
8.325084975902817281e-04
8.176345846969064772e-04
8.102927463777855315e-04
7.758400271173017566e-04
7.484621633971616636e-04
7.262611606362591411e-04
7.150733576845498280e-04
6.941357322844322235e-04
6.889495920640810369e-04
6.538684184278172919e-04
6.331886510994119309e-04
6.141382929038931640e-04
6.107648501057276426e-04
6.048809764056113343e-04
5.916894150901292129e-04
5.755417430922218133e-04
5.438050968890015572e-04
5.413241520578185220e-04
5.335919773358712304e-04
5.038375362420793131e-04
4.928720731152242632e-04
4.693279031549354562e-04
4.587429859759696452e-04
4.488244422865461571e-04
4.417411180004460008e-04
4.237781363222844415e-04
4.203070833291146853e-04
4.151026036604412795e-04
4.017814002360851943e-04
3.719255413562521447e-04
3.510672848588744358e-04
3.461681179939341186e-04
3.368242633038497514e-04
3.239129259532265133e-04
3.190138270880960806e-04
3.157050164468212816e-04
2.943708071157027386e-04
2.868073271655874074e-04
2.758905360411547584e-04
2.646107614408543546e-04
2.563180123958557800e-04
2.508825314318736737e-04
2.313871581685416582e-04
2.211530655359907527e-04
2.149008112531105793e-04
2.099329137973069694e-04
2.069061470697958769e-04
1.964747845697073004e-04
1.810326070763785850e-04
1.757065285324071048e-04
1.589640112054868605e-04
1.468360104874256945e-04
1.366492553164137889e-04
1.246744885679848893e-04
1.165897015811173166e-04
1.013490591029988299e-04
8.743030297807572815e-05
7.969399970558403235e-05
