1.242732234172996691e-01
6.534816274740148923e-02
5.724306203286180089e-02
4.286959873492698220e-02
3.021141793199991904e-02
2.741764746548061571e-02
2.488387577830942360e-02
2.199966463804939668e-02
2.058426398598616619e-02
1.942313409621347284e-02
1.883190517777138737e-02
1.768243749093392769e-02
1.673857118576091429e-02
1.555947580071318122e-02
1.496911632350132228e-02
1.453824484765155016e-02
1.445792022474546613e-02
1.327134379361400753e-02
1.287785557093173647e-02
1.214895151974790255e-02
1.188230244369130328e-02
1.139711030860532208e-02
1.105733350924805770e-02
1.086219060880837251e-02
1.012257744283689628e-02
1.002493709892201407e-02
9.817245983451704239e-03
9.157613737141849508e-03
8.899777936382640905e-03
8.664853968680621965e-03
8.325755138017525148e-03
7.957129005996635765e-03
7.819315465969273876e-03
7.550000734492026515e-03
7.367485501595194206e-03
6.778936601858063550e-03
6.676606536356022824e-03
6.586054226974539898e-03
6.439767850941018057e-03
6.325956999376949885e-03
6.144759588271899581e-03
5.767892503853243140e-03
5.680806291159963377e-03
5.506012283828095807e-03
5.195190633252412885e-03
5.059504246070771656e-03
5.026351453262040830e-03
4.851109651083472876e-03
4.691490806786493932e-03
4.679385847371058185e-03
4.497528424632728922e-03
4.355224374655358374e-03
4.327989926544578009e-03
4.199749318377434676e-03
4.040806580492622806e-03
3.875181596003149289e-03
3.772705995724738234e-03
3.681615908769800358e-03
3.647448398908362689e-03
3.522572221460633108e-03
3.508660488562560884e-03
3.311752555808111179e-03
3.168833622673883181e-03
3.145471606636652314e-03
3.059711395986226563e-03
3.037735268983898264e-03
2.932441258720289590e-03
2.874856750079732553e-03
2.809511093522197144e-03
2.743395117322267821e-03
2.667086552219602447e-03
2.611537126172904302e-03
2.591355265704226463e-03
2.541114859814784174e-03
2.491349396904961062e-03
2.475878882301561171e-03
2.391167755538161580e-03
2.361047931911465329e-03
2.307014956479097774e-03
2.278135715255846013e-03
2.247754465152727345e-03
2.194096493965143075e-03
2.161135601768881045e-03
2.110309791513427600e-03
2.076714977450053960e-03
2.031707324546215641e-03
1.972307733636218582e-03
1.949424726191406653e-03
1.903273517712138381e-03
1.843202707801785880e-03
1.806057951231619749e-03
1.764476653176332531e-03
1.696011926707160101e-03
1.655958500931725913e-03
1.627829218488455101e-03
1.583267172298731453e-03
1.560154605140943659e-03
1.542185527781114122e-03
1.504547739323715922e-03
1.495766110282905357e-03
1.455952326356554785e-03
1.445602813775169687e-03
1.418007127261527913e-03
1.399023539430253394e-03
1.355651051408082253e-03
1.335050214902177386e-03
1.309018245625510933e-03
1.248154886650003001e-03
1.229514917500618360e-03
1.206357823650774670e-03
1.196058619977822179e-03
1.147283789229173144e-03
1.128087479266655499e-03
1.108814043675228215e-03
1.105277553188912859e-03
1.072677028033147814e-03
1.043318556240073209e-03
1.029676145624186306e-03
1.006688303058431806e-03
9.613384940419049916e-04
9.378189188998862884e-04
9.174492983744057806e-04
8.961217399286549624e-04
8.791536157087698070e-04
8.540910559623449659e-04
8.359031904455523770e-04
8.297732876178958751e-04
8.077965693569368706e-04
7.861048738173593252e-04
7.798996269107922891e-04
7.534229757302583199e-04
7.290950596294665373e-04
7.255002696851105227e-04
7.010911927785999816e-04
6.978246903252884612e-04
6.735450611158162954e-04
6.573582768929003492e-04
6.371902772928020450e-04
6.133873448793591889e-04
6.011704049098320554e-04
5.823511807561355860e-04
5.668209287940711646e-04
5.524430978803425126e-04
5.368569406547186659e-04
5.354961438047947837e-04
5.152532340961541585e-04
5.020927045408607545e-04
4.832343248067210448e-04
4.747230033386286643e-04
4.582662636451481186e-04
4.529608215673240732e-04
4.416781498213704607e-04
4.256537944432258976e-04
4.198363656584378650e-04
4.096501671625823429e-04
3.997890439713151995e-04
3.871467805945271097e-04
3.770971689215683138e-04
3.708208797288606176e-04
3.600483729247683424e-04
3.442887401739893683e-04
3.379374970443605993e-04
3.308716459063849066e-04
3.192317915031842902e-04
3.108942082271914931e-04
3.025275651597310518e-04
2.927281134794846727e-04
2.796220914887834956e-04
2.709792155583516269e-04
2.565325157015694094e-04
2.479219030381989738e-04
2.462579883055888942e-04
2.422525764389776707e-04
2.321830333312997524e-04
2.209990226094797887e-04
2.148507791356461826e-04
2.072368683721289163e-04
1.955980511290629042e-04
1.884149174796436116e-04
1.852724695958393438e-04
1.811816836979522421e-04
1.771015366698912904e-04
1.636653166531447986e-04
1.570867318332965390e-04
1.535920338916692046e-04
1.479332128049758925e-04
1.380140854790680210e-04
1.311730292864266088e-04
1.276484598207786839e-04
1.196809697048069641e-04
1.105643178212625333e-04
1.050743342062329368e-04
1.010624337523961992e-04
9.782452202043248634e-05
9.222201953846443257e-05
8.865704677523325171e-05
7.783593784764103473e-05
7.197916956445198056e-05
6.619019286666292233e-05
5.724058494660622896e-05
3.981107141523458160e-05
