1.612903880039076240e-02
8.481336715213621744e-03
7.429400664058715201e-03
5.563913145078734808e-03
3.921046856600768696e-03
3.558451994934029063e-03
3.229601573822100859e-03
2.855268695744542055e-03
2.671568205747850647e-03
2.520868734619220383e-03
2.444134954781189591e-03
2.294949085042045575e-03
2.172447585202477282e-03
2.019416427791063430e-03
1.942795490051687363e-03
1.886874008650769744e-03
1.876448923311761427e-03
1.722446823977108639e-03
1.671377199832671610e-03
1.576774988672278565e-03
1.542167426596226980e-03
1.479195834186748746e-03
1.435097250198920588e-03
1.409770254356513576e-03
1.313778140180989901e-03
1.301105700759358193e-03
1.274150110747272399e-03
1.188538473725555796e-03
1.155074759497988881e-03
1.124584701495034023e-03
1.080574108975303552e-03
1.032731258981479114e-03
1.014844864203928894e-03
9.798913349233109686e-04
9.562032451473636511e-04
8.798172966803181937e-04
8.665361927422096698e-04
8.547836874855091862e-04
8.357976294262412648e-04
8.210264696357016207e-04
7.975094158901006348e-04
7.485969980736937061e-04
7.372943468276372397e-04
7.146083711298425014e-04
6.742677866959569544e-04
6.566574685328177390e-04
6.523546696928956027e-04
6.296105760815356219e-04
6.088941380416648111e-04
6.073230726526782520e-04
5.837203580305896878e-04
5.652511538012074599e-04
5.617164786861105798e-04
5.450725252419478780e-04
5.244438369703310204e-04
5.029478804988827970e-04
4.896478880505196864e-04
4.778255862993715467e-04
4.733910904593678962e-04
4.571837961129774654e-04
4.553782351600743996e-04
4.298221612113306946e-04
4.112731531913816491e-04
4.082410691047352229e-04
3.971105155786097511e-04
3.942583017600895506e-04
3.805925165628410768e-04
3.731188005955147699e-04
3.646377891509626880e-04
3.560568002932622093e-04
3.461529467236951142e-04
3.389433578564451303e-04
3.363240163634645527e-04
3.298034688661394763e-04
3.233445627549119379e-04
3.213366923268442111e-04
3.103422961663475951e-04
3.064331370524440447e-04
2.994203636384738820e-04
2.956722158926672664e-04
2.917291270418041174e-04
2.847650242734332273e-04
2.804871316227867798e-04
2.738906062963390839e-04
2.695304388795773500e-04
2.636890342709359721e-04
2.559797443678520621e-04
2.530098293306629574e-04
2.470200061670077443e-04
2.392236008177915380e-04
2.344026972999072782e-04
2.290059887309800989e-04
2.201201628119776584e-04
2.149217520791100327e-04
2.112709391728479727e-04
2.054873684867849148e-04
2.024876596016872898e-04
2.001555084111552273e-04
1.952706158035834923e-04
1.941308752252429877e-04
1.889635668696677427e-04
1.876203355170072938e-04
1.840387763825237295e-04
1.815749550034555953e-04
1.759457734071110291e-04
1.732720543050603440e-04
1.698934452131882912e-04
1.619941773625289819e-04
1.595749531935463381e-04
1.565694653262667338e-04
1.552327634118376724e-04
1.489024283968215349e-04
1.464109984677039727e-04
1.439095586408225733e-04
1.434505684359941744e-04
1.392194467132976967e-04
1.354091011082704282e-04
1.336384946646310850e-04
1.306549734000759155e-04
1.247691614036998105e-04
1.217166282062586715e-04
1.190729179139659341e-04
1.163048798102626517e-04
1.141026392439792423e-04
1.108498468284336246e-04
1.084892997970624305e-04
1.076937185943611805e-04
1.048414280382048913e-04
1.020261297029449602e-04
1.012207698243655732e-04
9.778444683818803029e-05
9.462700155808356447e-05
9.416044484620783648e-05
9.099246595517324814e-05
9.056851666535625453e-05
8.741733839211156634e-05
8.531650553684484272e-05
8.269896300329398337e-05
7.960965373857545639e-05
7.802405473846843432e-05
7.558156561473361847e-05
7.356594205892655889e-05
7.169988768054866095e-05
6.967700835281986384e-05
6.950039472207681030e-05
6.687312983632491374e-05
6.516506525093759144e-05
6.271749424504944454e-05
6.161283605379542757e-05
5.947696650969596407e-05
5.878838952767702082e-05
5.732404632196899484e-05
5.524429460604653674e-05
5.448926844668407768e-05
5.316723312603860934e-05
5.188738832766798828e-05
5.024658791288943240e-05
4.894227977518445140e-05
4.812769953715738245e-05
4.672956906751277715e-05
4.468417488582586064e-05
4.385986660724750522e-05
4.294281155686462148e-05
4.143211071449806788e-05
4.035000146793564811e-05
3.926412064056745722e-05
3.799227999761165583e-05
3.629128978110321543e-05
3.516955754148149034e-05
3.329456487515942796e-05
3.217701998557137154e-05
3.196106561869466959e-05
3.144121555259326385e-05
3.013432057538181899e-05
2.868278228003645814e-05
2.788482070137262742e-05
2.689663468067922950e-05
2.538606844813121030e-05
2.445379166191767942e-05
2.404594303248372766e-05
2.351501253388745908e-05
2.298546282142918239e-05
2.124161722041032927e-05
2.038780296426362886e-05
1.993423688505379119e-05
1.919979593018080323e-05
1.791242295387709876e-05
1.702454334689003821e-05
1.656710033460719885e-05
1.553302433908306139e-05
1.434980217813866044e-05
1.363727411855028024e-05
1.311658191870322599e-05
1.269634333052628968e-05
1.196921179385151672e-05
1.150652496205177446e-05
1.010208657253388170e-05
9.341954660872980049e-06
8.590621210225558979e-06
7.429079170665131969e-06
5.166956307114340809e-06
