1.405763181408342666e-01
9.304660263813092913e-02
5.752729768221340190e-02
4.199694727347155765e-02
2.925385553698991309e-02
2.681429019557066487e-02
2.253919237639504317e-02
2.078052479834250482e-02
1.911456329614226110e-02
1.789872610997807201e-02
1.674181297190156098e-02
1.618357413627885197e-02
1.589968006003399104e-02
1.422998875395706242e-02
1.353752481655967968e-02
1.339411854153426187e-02
1.260984358696608590e-02
1.245364248391871501e-02
1.186608503385937902e-02
1.125894910281079533e-02
1.113855135395272651e-02
1.046822329877544235e-02
1.039786068651435760e-02
9.861829457154415793e-03
9.385231137149889491e-03
9.299776506651711086e-03
9.072599518513121963e-03
8.540362356769200247e-03
8.353022962839049687e-03
8.012528213312369169e-03
7.751581825333675110e-03
7.587392825166630432e-03
7.326862252119282874e-03
7.040679563552426287e-03
6.820856888901960860e-03
6.608341863925249263e-03
6.439993999444271026e-03
6.134582335725877189e-03
5.965772741338334732e-03
5.821428659180938152e-03
5.581256431691979623e-03
5.310914407075057603e-03
5.249606766985453858e-03
5.169371165417799979e-03
4.864712451978359456e-03
4.796855940392554668e-03
4.724380320446035404e-03
4.587596434152150203e-03
4.403651665097616484e-03
4.307613067937974757e-03
4.221228801625803544e-03
4.166562778811486178e-03
3.999263411282729525e-03
3.930875006645706896e-03
3.852640478304454694e-03
3.633288399455564689e-03
3.582847074128933575e-03
3.512282307430419914e-03
3.369174027334145317e-03
3.352008692427222401e-03
3.278324415947494758e-03
3.144966707171521769e-03
3.045660074146630189e-03
3.008223652711944796e-03
2.954716694178368026e-03
2.865723118535027421e-03
2.830924291029071789e-03
2.816622244613414122e-03
2.722790312694841047e-03
2.642376167815905803e-03
2.597993272300685736e-03
2.546794674615336478e-03
2.507513511728042162e-03
2.458147222499088968e-03
2.428773334571596946e-03
2.384873418481290013e-03
2.330789690223785023e-03
2.304329868969548587e-03
2.234362991895658210e-03
2.214440656679608072e-03
2.146595953607245092e-03
2.122652985911735977e-03
2.096012273041053704e-03
2.021243810486711857e-03
1.984712100355177748e-03
1.914376313291196773e-03
1.895795873331703645e-03
1.851708066703579812e-03
1.799349805380697246e-03
1.773808993831074059e-03
1.744767196121244611e-03
1.718133816804751383e-03
1.624821086819842365e-03
1.622629299278870348e-03
1.589920547652412660e-03
1.545519482325023643e-03
1.499889247227519833e-03
1.487827159387140798e-03
1.475380611600881579e-03
1.432842313629598347e-03
1.414556354707452619e-03
1.390927993660952700e-03
1.367073803452364435e-03
1.346164393317319206e-03
1.335830152232518782e-03
1.289105826595751290e-03
1.259301817183974348e-03
1.224207391083768394e-03
1.199946953074553435e-03
1.167222478463120564e-03
1.160524760700321545e-03
1.112398191579300720e-03
1.101225599774266440e-03
1.073090962509741899e-03
1.056680427800300772e-03
1.050424713405820635e-03
1.016656861401460908e-03
9.772860556431714474e-04
9.695278108378789115e-04
9.396193203539334208e-04
9.190442439190337799e-04
9.076031050521741984e-04
8.846070180889520308e-04
8.603859596266824486e-04
8.558110477362108675e-04
8.477567361158896714e-04
8.212855898995413727e-04
7.956963728403633257e-04
7.744964443411341513e-04
7.553008236719441085e-04
7.387981835952046146e-04
7.202677410735401197e-04
7.092019796709125509e-04
7.033296625882010360e-04
6.829304406295020648e-04
6.660194283538227976e-04
6.511319017698469431e-04
6.322203228268602569e-04
6.055727267102187705e-04
5.691520886252868661e-04
5.617556868224779509e-04
5.559005663284843392e-04
5.433880271078910277e-04
5.248835635345607811e-04
5.123098846795718590e-04
5.013311304867930709e-04
4.956329608952348819e-04
4.709879251309317906e-04
4.567965063066276271e-04
4.515511149955055907e-04
4.375533673242316631e-04
4.309667217835737394e-04
4.202452124158067041e-04
4.124702529537520876e-04
4.010625429155062157e-04
3.848823284718928795e-04
3.711695777111061363e-04
3.632957614826814595e-04
3.568075080008966662e-04
3.459841430454554446e-04
3.386934461329287678e-04
3.251273175730520900e-04
3.199090128695012574e-04
3.135644068220146694e-04
3.064251653903027253e-04
2.831744911794213779e-04
2.811909768280934120e-04
2.758600402675859828e-04
2.689585116567687882e-04
2.539300990548115839e-04
2.403174327296118647e-04
2.345318565093928239e-04
2.289303976965199135e-04
2.229080075378361196e-04
2.162398477747394217e-04
2.067326169107612163e-04
2.050537498197078869e-04
1.927451841692236526e-04
1.861846072302416938e-04
1.822712770869727955e-04
1.761761609549133804e-04
1.712179127748891035e-04
1.617474293949470435e-04
1.506993566751649229e-04
1.493657171415472000e-04
1.441737774991792864e-04
1.366687693246599396e-04
1.289827848894037755e-04
1.222165797685249606e-04
1.165437944028831549e-04
1.101339885821615638e-04
1.021839382038071316e-04
9.878745089034674843e-05
9.563583075989817207e-05
8.698168880838309293e-05
8.397358498033727272e-05
7.544240362305412847e-05
6.704941016054108470e-05
6.000368502842042375e-05
5.452050101002015947e-05
3.990945415263379430e-05
