Start=1998-07-03 09:12
End=1998-07-04 00:12
Frames=15
EigValCov:108
EigValCor:12
EDCCov:10
EDCCor:0
MOSCor:	1
0.9999999999999997
 1.0000000000000007
 1.3053053909949943
 1.073167398018442
 1.5409431881157378
 1.5979607798427509
 1.0000000000000009
 1.2230828411789005
 1.0367480045212505
 1.01736456007844
 0.9999999999999996
 1.0000000000000009
 0.9999999999999986
 1.0169491525423715
 7.9999999999999964
MOSCov:	13
288.63638888888977
 10.936388888888876
 48.89355806138162
 71.80689844965495
 7.632244907719516
 69.86766496271214
 17.738888888888894
 40.66044752291734
 11.512264828035596
 27.54333827798266
 4.195555555555553
 3.687499999999997
 0.01638888888888886
 0.016666666666666635
 0.18027777777777765
