Start=1998-07-03 09:10
End=1998-07-04 01:10
Frames=16
EigValCov:107
EigValCor:17
EDCCov:11
EDCCor:1
MOSCor:	2
2.0203133348947118
 1.3873721779252903
 1.0997029277422816
 1.2975773265127324
 1.0519509994377998
 1.067213674469762
 1.401554187044907
 1.3511985262603288
 1.0273271629270226
 10.121556094531448
 13.00205159070291
 0.9999999999999994
 1.0000000000000002
 0.9999999999999999
 0.9999999999999969
 1.0000000000000029
MOSCov:	0
4447.128604115588
 46349.72863928823
 38823.30608861898
 19889.72586556978
 12971.596694232168
 29823.209726175814
 31231.845492806806
 31920.155750473845
 30549.50794129217
 11298.06173042642
 133.20020289355966
 2062.6955555555555
 6491.203055555565
 6835.314166666662
 2016.2555555555537
 4095.4266666666604
