Start=1998-07-10 09:11
End=1998-07-10 21:11
Frames=12
EigValCov:127
EigValCor:15
EDCCov:15
EDCCor:0
MOSCor:	0
1.4702428710270932
 1.1202513811660268
 1.114910040880552
 1.1152845931103665
 1.1393366406223906
 1.0654992099709317
 1.299495074809619
 1.1178085517538403
 1.1405119991055366
 0.9999999999999998
 0.9999999999999948
 1.0000000000000007
MOSCov:	11
5472.786316322561
 21563.155461766644
 25979.59313990251
 19834.322020248637
 7788.063090029892
 25322.266029423812
 31147.49716884467
 41578.74941440043
 41644.22074850365
 20677.416388888898
 578.5888888888863
 3.2122222222222283
